ID	RoleType	Type	ShowID	Name	IconID	DefaultRGBA	Label
0	0	0	0	面部皮肤	0	255;255;255;255	0
1	1	0	1	面部皮肤・1		216;188;179;255	
2	1	0	2	面部皮肤・2		216;188;179;255	
3	1	0	3	面部皮肤・3		216;188;179;255	
4	1	0	4	面部皮肤・4		216;188;179;255	
5	1	0	5	面部皮肤・5		216;188;179;255	
6	1	1	1	默认	19673	134;116;109;255	
7	1	1	2	左虹膜・1	19673	134;116;109;255	
8	1	1	3	左虹膜・2	19674	67;43;53;255	
9	1	1	4	左虹膜・3	19675	174;163;166;255	
10	1	1	5	左虹膜・4	19676	178;184;178;255	
11	1	1	6	左虹膜・5	19677	90;39;17;255	
12	1	1	7	左虹膜・6	19678	161;162;160;255	
13	1	1	8	左虹膜・7	19679	150;108;70;255	
14	1	1	9	左虹膜・8	19680	161;162;160;255	
15	1	1	10	左虹膜・9	19681	155;148;151;255	
16	1	1	11	左虹膜・10	19682	112;110;106;255	
17	1	1	12	左虹膜・11	19683	112;110;106;255	
18	1	1	13	左虹膜・12	19684	112;110;106;255	
19	1	1	14	左虹膜・13	19685	95;87;83;255	
20	1	1	15	左虹膜・14	19686	150;108;70;255	
21	1	1	16	左虹膜・15	19687	150;108;70;255	
22	1	1	17	左虹膜・16	19688	23;134;159;255	
23	1	1	18	左虹膜・17	19689	148;71;87;255	
24	1	1	19	左虹膜・18	19690	173;116;173;255	
25	1	1	20	左虹膜・19	19691	166;161;144;255	
26	1	1	21	左虹膜・20	19692	46;156;156;255	
27	1	1	22	左虹膜・21	19693	101;173;178;255	
28	1	1	23	左虹膜・22	19694	94;115;81;255	
29	1	1	24	左虹膜・23	19695	77;134;124;255	
30	1	1	25	左虹膜・24	19696	67;12;41;255	
31	1	1	26	左虹膜・25	19697	139;108;141;255	
32	1	2	1	默认	19673	134;116;109;255	
33	1	2	2	右虹膜・1	19673	134;116;109;255	
34	1	2	3	右虹膜・2	19674	67;43;53;255	
35	1	2	4	右虹膜・3	19675	174;163;166;255	
36	1	2	5	右虹膜・4	19676	178;184;178;255	
37	1	2	6	右虹膜・5	19677	90;39;17;255	
38	1	2	7	右虹膜・6	19678	161;162;160;255	
39	1	2	8	右虹膜・7	19679	150;108;70;255	
40	1	2	9	右虹膜・8	19680	161;162;160;255	
41	1	2	10	右虹膜・9	19681	155;148;151;255	
42	1	2	11	右虹膜・10	19682	112;110;106;255	
43	1	2	12	右虹膜・11	19683	112;110;106;255	
44	1	2	13	右虹膜・12	19684	112;110;106;255	
45	1	2	14	右虹膜・13	19685	95;87;83;255	
46	1	2	15	右虹膜・14	19686	150;108;70;255	
47	1	2	16	右虹膜・15	19687	150;108;70;255	
48	1	2	17	右虹膜・16	19688	23;134;159;255	
49	1	2	18	右虹膜・17	19689	148;71;87;255	
50	1	2	19	右虹膜・18	19690	173;116;173;255	
51	1	2	20	右虹膜・19	19691	166;161;144;255	
52	1	2	21	右虹膜・20	19692	46;156;156;255	
53	1	2	22	右虹膜・21	19693	101;173;178;255	
54	1	2	23	右虹膜・22	19694	94;115;81;255	
55	1	2	24	右虹膜・23	19695	77;134;124;255	
56	1	2	25	右虹膜・24	19696	67;12;41;255	
57	1	2	26	右虹膜・25	19697	139;108;141;255	
58	1	3	1	默认	20012	140;100;88;255	
59	1	3	2	眉毛・1	20012	140;100;88;255	
60	1	3	3	眉毛・2	20013	140;100;88;255	
61	1	3	4	眉毛・3	20014	140;100;88;255	
62	1	3	5	眉毛・4	20015	140;100;88;255	
63	1	3	6	眉毛・5	20016	140;100;88;255	
64	1	3	7	眉毛・6	20017	140;100;88;255	
65	1	3	8	眉毛・7	20018	140;100;88;255	
66	1	3	9	眉毛・8	20019	140;100;88;255	
67	1	3	10	眉毛・9	20020	140;100;88;255	
68	1	3	11	眉毛・10	20021	140;100;88;255	
69	1	3	12	眉毛・11	20022	140;100;88;255	
70	1	3	13	眉毛・12	20023	140;100;88;255	
71	1	3	14	眉毛・13	20024	140;100;88;255	
72	1	3	15	眉毛・14	20025	140;100;88;255	
73	1	3	16	眉毛・15	20026	140;100;88;255	
74	1	3	17	眉毛・16	20027	140;100;88;255	
75	1	3	18	眉毛・17	20028	140;100;88;255	
76	1	3	19	眉毛・18	20029	140;100;88;255	
77	1	3	20	眉毛・19	20030	140;100;88;255	
78	1	3	21	眉毛・20	20031	140;100;88;255	
79	1	3	22	眉毛・21	20032	140;100;88;255	
80	1	3	23	眉毛・22	20033	140;100;88;255	
81	1	3	24	眉毛・23	20034	140;100;88;255	
82	1	3	25	眉毛・24	20035	140;100;88;255	
83	1	3	26	眉毛・25	20036	140;100;88;255	
84	1	3	27	眉毛・26	20037	140;100;88;255	
85	1	3	28	眉毛・27	20038	140;100;88;255	
86	1	3	29	眉毛・28	20039	140;100;88;255	
87	1	3	30	眉毛・29	20040	140;100;88;255	
88	1	3	31	眉毛・30	20041	140;100;88;255	
89	1	3	32	眉毛・31	20042	140;100;88;255	
90	1	3	33	眉毛・32	20043	140;100;88;255	
91	1	3	34	眉毛・33	20044	140;100;88;255	
92	1	3	35	眉毛・34	20045	140;100;88;255	
93	1	3	36	眉毛・35	20046	140;100;88;255	
94	1	3	37	眉毛・36	20047	140;100;88;255	
95	1	3	38	眉毛・37	20048	140;100;88;255	
96	1	3	39	眉毛・38	20049	140;100;88;255	
97	1	3	40	眉毛・39	20050	140;100;88;255	
98	1	4	0	腮红・0	19790	230;157;152;255	
99	1	4	1	腮红・1	19975	230;157;152;255	
100	1	4	2	腮红・2	19976	230;157;152;255	
101	1	4	3	腮红・3	19977	230;157;152;255	
102	1	4	4	腮红・4	19978	230;157;152;255	
103	1	4	5	腮红・5	19979	230;157;152;255	
104	1	4	6	腮红・6	19980	230;157;152;255	
105	1	4	7	腮红・7	19981	230;157;152;255	
106	1	4	8	腮红・8	19982	230;157;152;255	
107	1	4	9	腮红・9	19983	230;157;152;255	
108	1	4	10	腮红・10	19984	230;157;152;255	
109	1	4	11	腮红・11	19985	230;157;152;255	
110	1	4	12	腮红・12	19986	230;157;152;255	
111	1	4	13	腮红・13	19987	230;157;152;255	
112	1	4	14	腮红・14	19988	230;157;152;255	
113	1	4	15	腮红・15	19989	230;157;152;255	
114	1	4	16	腮红・16	19990	230;157;152;255	
115	1	4	17	腮红・17	19991	230;157;152;255	
116	1	5	0	胡须・0	19790	255;255;255;255	
117	1	5	1	胡须・1		161;138;128;255	
118	1	6	0	眼神光・0	19790	255;255;255;255	
119	1	6	1	眼神光・1	19955		
120	1	6	2	眼神光・2	19956		
121	1	6	3	眼神光・3	19957		
122	1	6	4	眼神光・4	19958		
123	1	6	5	眼神光・5	19959		
124	1	6	6	眼神光・6	19960		
125	1	6	7	眼神光・7	19961		
126	1	6	8	眼神光・8	19962		
127	1	6	9	眼神光・9	19963		
128	1	6	10	眼神光・10	19964		
129	1	6	11	眼神光・11	19965		
130	1	6	12	眼神光・12	19966		
131	1	6	13	眼神光・13	19967		
132	1	6	14	眼神光・14	19968		
133	1	6	15	眼神光・15	19969		
134	1	6	16	眼神光・16	19970		
135	1	6	17	眼神光・17	19971		
136	1	6	18	眼神光・18	19972		
137	1	6	19	眼神光・19	19973		
138	1	6	20	眼神光・20	19974		
139	1	7	0	贴花1・0	19790	255;255;255;255	
140	1	7	1	贴花1・1	19925		
141	1	7	2	贴花1・2	19926		
142	1	7	3	贴花1・3	19911		
143	1	7	4	贴花1・4	19912		
144	1	7	5	贴花1・5	19913		
145	1	7	6	贴花1・6	19892		
146	1	7	7	贴花1・7	19893		
147	1	7	8	贴花1・8	19894		
148	1	7	9	贴花1・9	19895		
149	1	7	10	贴花1・10	19896		
150	1	7	11	贴花1・11	19897		
151	1	7	12	贴花1・12	19883		
152	1	7	13	贴花1・13	19881		
153	1	7	14	贴花1・14	19882		
154	1	7	15	贴花1・15	19887		
155	1	7	16	贴花1・16	19885		
156	1	7	17	贴花1・17	19877		
157	1	7	18	贴花1・18	19862		
158	1	7	19	贴花1・19	19878		
159	1	7	20	贴花1・20	19876		
160	1	7	21	贴花1・21	19875		
161	1	7	22	贴花1・22	19861		
162	1	7	23	贴花1・23	19872		
163	1	7	24	贴花1・24	19873		
164	1	7	25	贴花1・25	19874		
165	1	7	26	贴花1・26	19867		
166	1	7	27	贴花1・27	19868		
167	1	7	28	贴花1・28	19869		
168	1	7	29	贴花1・29	19871		
169	1	7	30	贴花1・30	19863		
170	1	7	31	贴花1・31	19864		
171	1	7	32	贴花1・32	19865		
172	1	7	33	贴花1・33	19879		
173	1	7	34	贴花1・34	19914		
174	1	7	35	贴花1・35	19915		
175	1	7	36	贴花1・36	19916		
176	1	7	37	贴花1・37	19919		
177	1	7	38	贴花1・38	19920		
178	1	7	39	贴花1・39	19923		
179	1	7	40	贴花1・40	19900		
180	1	7	41	贴花1・41	19902		
181	1	7	42	贴花1・42	19904		
182	1	7	43	贴花1・43	19907		
183	1	7	44	贴花1・44	19898		
184	1	7	45	贴花1・45	19880		
185	1	7	46	贴花1・46	19880		
186	1	7	47	贴花1・47	19884		
187	1	7	48	贴花1・48	19884		
188	1	7	49	贴花1・49	19886		
189	1	7	50	贴花1・50	19886		
190	1	7	51	贴花1・51	19888		
191	1	7	52	贴花1・52	19888		
192	1	7	53	贴花1・53	19891		
193	1	7	54	贴花1・54	19891		
194	1	7	55	贴花1・55	19891		
195	1	7	56	贴花1・56	19889		
196	1	7	57	贴花1・57	19889		
197	1	7	58	贴花1・58	19889		
198	1	7	59	贴花1・59	19890		
199	1	7	60	贴花1・60	19890		
200	1	7	61	贴花1・61	19890		
201	1	7	62	贴花1・62	19899		
202	1	7	63	贴花1・63	19899		
203	1	7	64	贴花1・64	19901		
204	1	7	65	贴花1・65	19901		
205	1	7	66	贴花1・66	19901		
206	1	7	67	贴花1・67	19903		
207	1	7	68	贴花1・68	19903		
208	1	7	69	贴花1・69	19903		
209	1	8	0	贴花2・0	19790	255;255;255;255	
210	1	8	1	贴花2・1	19925		
211	1	8	2	贴花2・2	19926		
212	1	8	3	贴花2・3	19911		
213	1	8	4	贴花2・4	19912		
214	1	8	5	贴花2・5	19913		
215	1	8	6	贴花2・6	19892		
216	1	8	7	贴花2・7	19893		
217	1	8	8	贴花2・8	19894		
218	1	8	9	贴花2・9	19895		
219	1	8	10	贴花2・10	19896		
220	1	8	11	贴花2・11	19897		
221	1	8	12	贴花2・12	19883		
222	1	8	13	贴花2・13	19881		
223	1	8	14	贴花2・14	19882		
224	1	8	15	贴花2・15	19887		
225	1	8	16	贴花2・16	19885		
226	1	8	17	贴花2・17	19877		
227	1	8	18	贴花2・18	19862		
228	1	8	19	贴花2・19	19878		
229	1	8	20	贴花2・20	19876		
230	1	8	21	贴花2・21	19875		
231	1	8	22	贴花2・22	19861		
232	1	8	23	贴花2・23	19872		
233	1	8	24	贴花2・24	19873		
234	1	8	25	贴花2・25	19874		
235	1	8	26	贴花2・26	19867		
236	1	8	27	贴花2・27	19868		
237	1	8	28	贴花2・28	19869		
238	1	8	29	贴花2・29	19871		
239	1	8	30	贴花2・30	19863		
240	1	8	31	贴花2・31	19864		
241	1	8	32	贴花2・32	19865		
242	1	8	33	贴花2・33	19879		
243	1	8	34	贴花2・34	19914		
244	1	8	35	贴花2・35	19915		
245	1	8	36	贴花2・36	19916		
246	1	8	37	贴花2・37	19919		
247	1	8	38	贴花2・38	19920		
248	1	8	39	贴花2・39	19923		
249	1	8	40	贴花2・40	19900		
250	1	8	41	贴花2・41	19902		
251	1	8	42	贴花2・42	19904		
252	1	8	43	贴花2・43	19907		
253	1	8	44	贴花2・44	19898		
254	1	8	45	贴花2・45	19880		
255	1	8	46	贴花2・46	19880		
256	1	8	47	贴花2・47	19884		
257	1	8	48	贴花2・48	19884		
258	1	8	49	贴花2・49	19886		
259	1	8	50	贴花2・50	19886		
260	1	8	51	贴花2・51	19888		
261	1	8	52	贴花2・52	19888		
262	1	8	53	贴花2・53	19891		
263	1	8	54	贴花2・54	19891		
264	1	8	55	贴花2・55	19891		
265	1	8	56	贴花2・56	19889		
266	1	8	57	贴花2・57	19889		
267	1	8	58	贴花2・58	19889		
268	1	8	59	贴花2・59	19890		
269	1	8	60	贴花2・60	19890		
270	1	8	61	贴花2・61	19890		
271	1	8	62	贴花2・62	19899		
272	1	8	63	贴花2・63	19899		
273	1	8	64	贴花2・64	19901		
274	1	8	65	贴花2・65	19901		
275	1	8	66	贴花2・66	19901		
276	1	8	67	贴花2・67	19903		
277	1	8	68	贴花2・68	19903		
278	1	8	69	贴花2・69	19903		
279	1	9	0	贴花3・0	19790	255;255;255;255	
280	1	9	1	贴花3・1	19925		
281	1	9	2	贴花3・2	19926		
282	1	9	3	贴花3・3	19911		
283	1	9	4	贴花3・4	19912		
284	1	9	5	贴花3・5	19913		
285	1	9	6	贴花3・6	19892		
286	1	9	7	贴花3・7	19893		
287	1	9	8	贴花3・8	19894		
288	1	9	9	贴花3・9	19895		
289	1	9	10	贴花3・10	19896		
290	1	9	11	贴花3・11	19897		
291	1	9	12	贴花3・12	19883		
292	1	9	13	贴花3・13	19881		
293	1	9	14	贴花3・14	19882		
294	1	9	15	贴花3・15	19887		
295	1	9	16	贴花3・16	19885		
296	1	9	17	贴花3・17	19877		
297	1	9	18	贴花3・18	19862		
298	1	9	19	贴花3・19	19878		
299	1	9	20	贴花3・20	19876		
300	1	9	21	贴花3・21	19875		
301	1	9	22	贴花3・22	19861		
302	1	9	23	贴花3・23	19872		
303	1	9	24	贴花3・24	19873		
304	1	9	25	贴花3・25	19874		
305	1	9	26	贴花3・26	19867		
306	1	9	27	贴花3・27	19868		
307	1	9	28	贴花3・28	19869		
308	1	9	29	贴花3・29	19871		
309	1	9	30	贴花3・30	19863		
310	1	9	31	贴花3・31	19864		
311	1	9	32	贴花3・32	19865		
312	1	9	33	贴花3・33	19879		
313	1	9	34	贴花3・34	19914		
314	1	9	35	贴花3・35	19915		
315	1	9	36	贴花3・36	19916		
316	1	9	37	贴花3・37	19919		
317	1	9	38	贴花3・38	19920		
318	1	9	39	贴花3・39	19923		
319	1	9	40	贴花3・40	19900		
320	1	9	41	贴花3・41	19902		
321	1	9	42	贴花3・42	19904		
322	1	9	43	贴花3・43	19907		
323	1	9	44	贴花3・44	19898		
324	1	9	45	贴花3・45	19880		
325	1	9	46	贴花3・46	19880		
326	1	9	47	贴花3・47	19884		
327	1	9	48	贴花3・48	19884		
328	1	9	49	贴花3・49	19886		
329	1	9	50	贴花3・50	19886		
330	1	9	51	贴花3・51	19888		
331	1	9	52	贴花3・52	19888		
332	1	9	53	贴花3・53	19891		
333	1	9	54	贴花3・54	19891		
334	1	9	55	贴花3・55	19891		
335	1	9	56	贴花3・56	19889		
336	1	9	57	贴花3・57	19889		
337	1	9	58	贴花3・58	19889		
338	1	9	59	贴花3・59	19890		
339	1	9	60	贴花3・60	19890		
340	1	9	61	贴花3・61	19890		
341	1	9	62	贴花3・62	19899		
342	1	9	63	贴花3・63	19899		
343	1	9	64	贴花3・64	19901		
344	1	9	65	贴花3・65	19901		
345	1	9	66	贴花3・66	19901		
346	1	9	67	贴花3・67	19903		
347	1	9	68	贴花3・68	19903		
348	1	9	69	贴花3・69	19903		
349	1	10	0	唇彩・0	19790	255;255;255;255	
350	1	10	1	唇彩・1			
351	1	10	2	唇彩・2			
352	1	10	3	唇彩・3			
353	1	10	4	唇彩・4			
354	1	10	5	唇彩・5			
355	1	10	6	唇彩・6			
356	1	10	7	唇彩・7			
357	1	10	8	唇彩・8			
358	1	10	9	唇彩・9			
359	1	10	10	唇彩・10			
360	1	10	11	唇彩・11			
361	1	10	12	唇彩・12			
362	1	10	13	唇彩・13			
363	1	10	14	唇彩・14			
364	1	10	15	唇彩・15			
365	1	10	16	唇彩・16			
366	1	10	17	唇彩・17			
367	1	10	18	唇彩・18			
368	1	10	19	唇彩・19			
369	1	10	20	唇彩・20			
370	1	11	0	闪点・0	19790	255;255;255;255	
371	1	11	1	闪点・1	19934		
372	1	11	2	闪点・2	19935		
373	1	11	3	闪点・3	19936		
374	1	11	4	闪点・4	19937		
375	1	11	5	闪点・5	19938		
376	1	11	6	闪点・6	19939		
377	1	11	7	闪点・7	19940		
378	1	11	8	闪点・8	19941		
379	1	11	9	闪点・9	19942		
380	1	11	10	闪点・10	19943		
381	1	11	11	闪点・11	19944		
382	1	11	12	闪点・12	19945		
383	1	11	13	闪点・13	19946		
384	1	11	14	闪点・14	19947		
385	1	12	0	叠涂・0	19790	255;255;255;255	
386	1	12	1	叠涂・1			
387	1	12	2	叠涂・2			
388	1	12	3	叠涂・3			
389	1	12	4	叠涂・4			
390	1	12	5	叠涂・5			
391	1	12	6	叠涂・6			
392	1	12	7	叠涂・7			
393	1	12	8	叠涂・8			
394	1	12	9	叠涂・9			
395	1	12	10	叠涂・10			
396	1	12	11	叠涂・11			
397	1	12	12	叠涂・12			
398	1	12	13	叠涂・13			
399	1	12	14	叠涂・14			
400	1	12	15	叠涂・15			
401	1	12	16	叠涂・16			
402	1	12	17	叠涂・17			
403	1	12	18	叠涂・18			
404	1	12	19	叠涂・19			
405	1	12	20	叠涂・20			
406	1	13	0	偏光・0	19790	255;255;255;255	
407	1	13	1	偏光・1			
408	1	13	2	偏光・2			
409	1	13	3	偏光・3			
410	1	13	4	偏光・4			
411	1	13	5	偏光・5			
412	1	13	6	偏光・6			
413	1	13	7	偏光・7			
414	1	13	8	偏光・8			
415	1	13	9	偏光・9			
416	1	13	10	偏光・10			
417	1	13	11	偏光・11			
418	1	13	12	偏光・12			
419	1	13	13	偏光・13			
420	1	13	14	偏光・14			
421	1	14	1	默认	19790	197;114;109;255	
422	1	14	2	唇形・1		197;114;109;255	
423	1	14	3	唇形・2		197;114;109;255	
424	1	14	4	唇形・3		197;114;109;255	
425	1	14	5	唇形・4		197;114;109;255	
426	1	14	6	唇形・5		197;114;109;255	
427	1	14	7	唇形・6		197;114;109;255	
428	1	14	8	唇形・7		197;114;109;255	
429	1	14	9	唇形・8		197;114;109;255	
430	1	14	10	唇形・9		197;114;109;255	
431	1	14	11	唇形・10		197;114;109;255	
432	1	14	12	唇形・11		197;114;109;255	
433	1	14	13	唇形・12		197;114;109;255	
434	1	14	14	唇形・13		197;114;109;255	
435	1	14	15	唇形・14		197;114;109;255	
436	1	14	16	唇形・15		197;114;109;255	
437	1	14	17	唇形・16		197;114;109;255	
438	1	14	18	唇形・17		197;114;109;255	
439	1	15	0	眼影・底・0	19790	255;255;255;255	
440	1	15	1	眼影・底・1			
441	1	15	2	眼影・底・2			
442	1	15	3	眼影・底・3			
443	1	15	4	眼影・底・4			
444	1	15	5	眼影・底・5			
445	1	15	6	眼影・底・6			
446	1	15	7	眼影・底・7			
447	1	15	8	眼影・底・8			
448	1	15	9	眼影・底・9			
449	1	15	10	眼影・底・10			
450	1	16	0	眼影・叠・0	19790	255;255;255;255	
451	1	16	1	眼影・叠・1			
452	1	16	2	眼影・叠・2			
453	1	16	3	眼影・叠・3			
454	1	16	4	眼影・叠・4			
455	1	16	5	眼影・叠・5			
456	1	16	6	眼影・叠・6			
457	1	16	7	眼影・叠・7			
458	1	16	8	眼影・叠・8			
459	1	16	9	眼影・叠・9			
460	1	16	10	眼影・叠・10			
461	1	17	0	眼影・晕・0	19790	255;255;255;255	
462	1	17	1	眼影・晕・1			
463	1	17	2	眼影・晕・2			
464	1	17	3	眼影・晕・3			
465	1	17	4	眼影・晕・4			
466	1	17	5	眼影・晕・5			
467	1	17	6	眼影・晕・6			
468	1	17	7	眼影・晕・7			
469	1	17	8	眼影・晕・8			
470	1	17	9	眼影・晕・9			
471	1	17	10	眼影・晕・10			
472	1	18	0	眼线・0	19790	255;255;255;255	
473	1	18	1	眼线・1			
474	1	18	2	眼线・2			
475	1	18	3	眼线・3			
476	1	18	4	眼线・4			
477	1	18	5	眼线・5			
478	1	18	6	眼线・6			
479	1	18	7	眼线・7			
480	1	18	8	眼线・8			
481	1	18	9	眼线・9			
482	1	18	10	眼线・10			
483	1	19	0	闪点・底・0	19790	255;255;255;255	
484	1	19	1	闪点・底・1	19948		
485	1	19	2	闪点・底・2	19949		
486	1	19	3	闪点・底・3	19950		
487	1	19	4	闪点・底・4	19951		
488	1	19	5	闪点・底・5	19952		
489	1	19	6	闪点・底・6	19953		
490	1	19	7	闪点・底・7	19954		
491	1	20	0	闪点・叠・0	19790	255;255;255;255	
492	1	20	1	闪点・叠・1	19948		
493	1	20	2	闪点・叠・2	19949		
494	1	20	3	闪点・叠・3	19950		
495	1	20	4	闪点・叠・4	19951		
496	1	20	5	闪点・叠・5	19952		
497	1	20	6	闪点・叠・6	19953		
498	1	20	7	闪点・叠・7	19954		
499	1	21	0	闪点・晕・0	19790	255;255;255;255	
500	1	21	1	闪点・晕・1	19948		
501	1	21	2	闪点・晕・2	19949		
502	1	21	3	闪点・晕・3	19950		
503	1	21	4	闪点・晕・4	19951		
504	1	21	5	闪点・晕・5	19952		
505	1	21	6	闪点・晕・6	19953		
506	1	21	7	闪点・晕・7	19954		
507	1	22	0	闪点・眼线・0	19790	255;255;255;255	
508	1	22	1	闪点・眼线・1	19948		
509	1	22	2	闪点・眼线・2	19949		
510	1	22	3	闪点・眼线・3	19950		
511	1	22	4	闪点・眼线・4	19951		
512	1	22	5	闪点・眼线・5	19952		
513	1	22	6	闪点・眼线・6	19953		
514	1	22	7	闪点・眼线・7	19954		
515	1	23	0	眼睫毛・0	19790	255;255;255;255	
516	1	23	1	眼睫毛・1	19793		
517	1	23	2	眼睫毛・2	19792		
518	1	23	3	眼睫毛・3	19795		
519	1	23	4	眼睫毛・4	19794		
520	1	23	5	眼睫毛・5	19797		
521	1	23	6	眼睫毛・6	19796		
522	1	23	7	眼睫毛・7	19799		
523	1	23	8	眼睫毛・8	19798		
524	1	23	9	眼睫毛・9	19801		
525	1	23	10	眼睫毛・10	19800		
526	1	23	11	眼睫毛・11	19803		
527	1	23	12	眼睫毛・12	19802		
528	1	24	0	左眼白・0	19790	255;255;255;255	
529	1	24	1	左眼白・1	20003		
530	1	24	2	左眼白・2	20004		
531	1	24	3	左眼白・3	20005		
532	1	24	4	左眼白・4	20006		
533	1	24	5	左眼白・5	20007		
534	1	24	6	左眼白・6	20008		
535	1	24	7	左眼白・7	20009		
536	1	24	8	左眼白・8	20010		
537	1	24	9	左眼白・9	20011		
538	1	25	0	右眼白・0	19790	255;255;255;255	
539	1	25	1	右眼白・1	20003		
540	1	25	2	右眼白・2	20004		
541	1	25	3	右眼白・3	20005		
542	1	25	4	右眼白・4	20006		
543	1	25	5	右眼白・5	20007		
544	1	25	6	右眼白・6	20008		
545	1	25	7	右眼白・7	20009		
546	1	25	8	右眼白・8	20010		
547	1	25	9	右眼白・9	20011		
548	1	26	0	阴影・0	19790	255;255;255;255	
549	1	26	1	阴影・1	19992	220;181;164;255	
550	1	26	2	阴影・2	19993	220;181;164;255	
551	1	26	3	阴影・3	19994	220;181;164;255	
552	1	26	4	阴影・4	19995	220;181;164;255	
553	1	26	5	阴影・5	19996	220;181;164;255	
554	1	26	6	阴影・6	19997	220;181;164;255	
555	1	26	7	阴影・7	19998	220;181;164;255	
556	1	26	8	阴影・8	19999	220;181;164;255	
557	1	26	9	阴影・9	20000	220;181;164;255	
558	1	26	10	阴影・10	20001	220;181;164;255	
559	1	27	0	卧蚕・0	19790	255;255;255;255	
560	1	27	1	卧蚕・1			
561	1	27	2	卧蚕・2			
562	1	27	3	卧蚕・3			
563	1	27	4	卧蚕・4			
564	1	27	5	卧蚕・5			
565	1	27	6	卧蚕・6			
566	1	27	7	卧蚕・7			
567	1	27	8	卧蚕・8			
568	1	27	9	卧蚕・9			
569	1	27	10	卧蚕・10			
570	1	27	11	卧蚕・11			
571	1	27	12	卧蚕・12			
572	1	27	13	卧蚕・13			
573	1	27	14	卧蚕・14			
574	1	27	15	卧蚕・15			
575	1	27	16	卧蚕・16			
576	1	28	1	默认	19790	255;255;255;255	
577	1	28	2	双眼皮・1			
578	1	28	3	双眼皮・2			
579	1	28	4	双眼皮・3			
580	1	28	5	双眼皮・4			
581	1	28	6	双眼皮・5			
582	1	28	7	双眼皮・6			
583	1	28	8	双眼皮・7			
584	1	28	9	双眼皮・8			
585	1	28	10	双眼皮・9			
586	1	28	11	双眼皮・10			
587	1	28	12	双眼皮・11			
588	1	28	13	双眼皮・12			
589	1	28	14	双眼皮・13			
590	1	28	15	双眼皮・14			
591	1	28	16	双眼皮・15			
592	1	28	17	双眼皮・16			
593	1	28	18	双眼皮・17			
594	1	28	19	双眼皮・18			
595	1	28	20	双眼皮・19			
596	1	28	21	双眼皮・20			
597	2	0	1	面部皮肤・1	19668	216;188;179;255	
598	2	0	2	面部皮肤・2	19669	216;188;179;255	
599	2	0	3	面部皮肤・3	19670	216;188;179;255	
600	2	0	4	面部皮肤・4	19671	216;188;179;255	
601	2	0	5	面部皮肤・5	19672	216;188;179;255	
602	2	1	1	默认	19673	134;116;109;255	
603	2	1	2	左虹膜・1	19673	134;116;109;255	
604	2	1	3	左虹膜・2	19674	67;43;53;255	
605	2	1	4	左虹膜・3	19675	174;163;166;255	
606	2	1	5	左虹膜・4	19676	178;184;178;255	
607	2	1	6	左虹膜・5	19677	90;39;17;255	
608	2	1	7	左虹膜・6	19678	161;162;160;255	
609	2	1	8	左虹膜・7	19679	150;108;70;255	
610	2	1	9	左虹膜・8	19680	161;162;160;255	
611	2	1	10	左虹膜・9	19681	155;148;151;255	
612	2	1	11	左虹膜・10	19682	112;110;106;255	
613	2	1	12	左虹膜・11	19683	112;110;106;255	
614	2	1	13	左虹膜・12	19684	112;110;106;255	
615	2	1	14	左虹膜・13	19685	95;87;83;255	
616	2	1	15	左虹膜・14	19686	150;108;70;255	
617	2	1	16	左虹膜・15	19687	150;108;70;255	
618	2	1	17	左虹膜・16	19688	23;134;159;255	
619	2	1	18	左虹膜・17	19689	148;71;87;255	
620	2	1	19	左虹膜・18	19690	173;116;173;255	
621	2	1	20	左虹膜・19	19691	166;161;144;255	
622	2	1	21	左虹膜・20	19692	46;156;156;255	
623	2	1	22	左虹膜・21	19693	101;173;178;255	
624	2	1	23	左虹膜・22	19694	94;115;81;255	
625	2	1	24	左虹膜・23	19695	77;134;124;255	
626	2	1	25	左虹膜・24	19696	67;12;41;255	
627	2	1	26	左虹膜・25	19697	139;108;141;255	
628	2	2	1	默认	19673	134;116;109;255	
629	2	2	2	右虹膜・1	19673	134;116;109;255	
630	2	2	3	右虹膜・2	19674	67;43;53;255	
631	2	2	4	右虹膜・3	19675	174;163;166;255	
632	2	2	5	右虹膜・4	19676	178;184;178;255	
633	2	2	6	右虹膜・5	19677	90;39;17;255	
634	2	2	7	右虹膜・6	19678	161;162;160;255	
635	2	2	8	右虹膜・7	19679	150;108;70;255	
636	2	2	9	右虹膜・8	19680	161;162;160;255	
637	2	2	10	右虹膜・9	19681	155;148;151;255	
638	2	2	11	右虹膜・10	19682	112;110;106;255	
639	2	2	12	右虹膜・11	19683	112;110;106;255	
640	2	2	13	右虹膜・12	19684	112;110;106;255	
641	2	2	14	右虹膜・13	19685	95;87;83;255	
642	2	2	15	右虹膜・14	19686	150;108;70;255	
643	2	2	16	右虹膜・15	19687	150;108;70;255	
644	2	2	17	右虹膜・16	19688	23;134;159;255	
645	2	2	18	右虹膜・17	19689	148;71;87;255	
646	2	2	19	右虹膜・18	19690	173;116;173;255	
647	2	2	20	右虹膜・19	19691	166;161;144;255	
648	2	2	21	右虹膜・20	19692	46;156;156;255	
649	2	2	22	右虹膜・21	19693	101;173;178;255	
650	2	2	23	右虹膜・22	19694	94;115;81;255	
651	2	2	24	右虹膜・23	19695	77;134;124;255	
652	2	2	25	右虹膜・24	19696	67;12;41;255	
653	2	2	26	右虹膜・25	19697	139;108;141;255	
654	2	3	1	默认	19704	140;100;88;255	
655	2	3	2	眉毛・1	19704	140;100;88;255	
656	2	3	3	眉毛・2	19705	140;100;88;255	
657	2	3	4	眉毛・3	19706	140;100;88;255	
658	2	3	5	眉毛・4	19707	140;100;88;255	
659	2	3	6	眉毛・5	19708	140;100;88;255	
660	2	3	7	眉毛・6	19709	140;100;88;255	
661	2	3	8	眉毛・7	19710	140;100;88;255	
662	2	3	9	眉毛・8	19711	140;100;88;255	
663	2	3	10	眉毛・9	19712	140;100;88;255	
664	2	3	11	眉毛・10	19713	140;100;88;255	
665	2	3	12	眉毛・11	19714	140;100;88;255	
666	2	3	13	眉毛・12	19715	140;100;88;255	
667	2	3	14	眉毛・13	19716	140;100;88;255	
668	2	3	15	眉毛・14	19717	140;100;88;255	
669	2	3	16	眉毛・15	19718	140;100;88;255	
670	2	3	17	眉毛・16	19719	140;100;88;255	
671	2	3	18	眉毛・17	19720	140;100;88;255	
672	2	3	19	眉毛・18	19721	140;100;88;255	
673	2	3	20	眉毛・19	19722	140;100;88;255	
674	2	3	21	眉毛・20	19723	140;100;88;255	
675	2	3	22	眉毛・21	19724	140;100;88;255	
676	2	3	23	眉毛・22	19725	140;100;88;255	
677	2	3	24	眉毛・23	19726	140;100;88;255	
678	2	3	25	眉毛・24	19727	140;100;88;255	
679	2	3	26	眉毛・25	19728	140;100;88;255	
680	2	3	27	眉毛・26	19729	140;100;88;255	
681	2	3	28	眉毛・27	19730	140;100;88;255	
682	2	3	29	眉毛・28	19731	140;100;88;255	
683	2	3	30	眉毛・29	19732	140;100;88;255	
684	2	3	31	眉毛・30	19733	140;100;88;255	
685	2	3	32	眉毛・31	19734	140;100;88;255	
686	2	3	33	眉毛・32	19735	140;100;88;255	
687	2	3	34	眉毛・33	19736	140;100;88;255	
688	2	3	35	眉毛・34	19737	140;100;88;255	
689	2	3	36	眉毛・35	19738	140;100;88;255	
690	2	3	37	眉毛・36	19739	140;100;88;255	
691	2	3	38	眉毛・37	19740	140;100;88;255	
692	2	3	39	眉毛・38	19741	140;100;88;255	
693	2	3	40	眉毛・39	19742	140;100;88;255	
694	2	4	0	腮红・0	19790	230;157;152;255	
695	2	4	1	腮红・1	19975	230;157;152;255	
696	2	4	2	腮红・2	19976	230;157;152;255	
697	2	4	3	腮红・3	19977	230;157;152;255	
698	2	4	4	腮红・4	19978	230;157;152;255	
699	2	4	5	腮红・5	19979	230;157;152;255	
700	2	4	6	腮红・6	19980	230;157;152;255	
701	2	4	7	腮红・7	19981	230;157;152;255	
702	2	4	8	腮红・8	19982	230;157;152;255	
703	2	4	9	腮红・9	19983	230;157;152;255	
704	2	4	10	腮红・10	19984	230;157;152;255	
705	2	4	11	腮红・11	19985	230;157;152;255	
706	2	4	12	腮红・12	19986	230;157;152;255	
707	2	4	13	腮红・13	19987	230;157;152;255	
708	2	4	14	腮红・14	19988	230;157;152;255	
709	2	4	15	腮红・15	19989	230;157;152;255	
710	2	4	16	腮红・16	19990	230;157;152;255	
711	2	4	17	腮红・17	19991	230;157;152;255	
712	2	5	0	胡须・0	19790	255;255;255;255	
713	2	6	0	眼神光・0	19790	255;255;255;255	
714	2	6	1	眼神光・1	19955		
715	2	6	2	眼神光・2	19956		
716	2	6	3	眼神光・3	19957		
717	2	6	4	眼神光・4	19958		
718	2	6	5	眼神光・5	19959		
719	2	6	6	眼神光・6	19960		
720	2	6	7	眼神光・7	19961		
721	2	6	8	眼神光・8	19962		
722	2	6	9	眼神光・9	19963		
723	2	6	10	眼神光・10	19964		
724	2	6	11	眼神光・11	19965		
725	2	6	12	眼神光・12	19966		
726	2	6	13	眼神光・13	19967		
727	2	6	14	眼神光・14	19968		
728	2	6	15	眼神光・15	19969		
729	2	6	16	眼神光・16	19970		
730	2	6	17	眼神光・17	19971		
731	2	6	18	眼神光・18	19972		
732	2	6	19	眼神光・19	19973		
733	2	6	20	眼神光・20	19974		
734	2	7	0	贴花1・0	19790	255;255;255;255	
735	2	7	1	贴花1・1	19925		
736	2	7	2	贴花1・2	19926		
737	2	7	3	贴花1・3	19911		
738	2	7	4	贴花1・4	19912		
739	2	7	5	贴花1・5	19913		
740	2	7	6	贴花1・6	19892		
741	2	7	7	贴花1・7	19893		
742	2	7	8	贴花1・8	19894		
743	2	7	9	贴花1・9	19895		
744	2	7	10	贴花1・10	19896		
745	2	7	11	贴花1・11	19897		
746	2	7	12	贴花1・12	19883		
747	2	7	13	贴花1・13	19881		
748	2	7	14	贴花1・14	19882		
749	2	7	15	贴花1・15	19887		
750	2	7	16	贴花1・16	19885		
751	2	7	17	贴花1・17	19877		
752	2	7	18	贴花1・18	19862		
753	2	7	19	贴花1・19	19878		
754	2	7	20	贴花1・20	19876		
755	2	7	21	贴花1・21	19875		
756	2	7	22	贴花1・22	19861		
757	2	7	23	贴花1・23	19872		
758	2	7	24	贴花1・24	19873		
759	2	7	25	贴花1・25	19874		
760	2	7	26	贴花1・26	19867		
761	2	7	27	贴花1・27	19868		
762	2	7	28	贴花1・28	19869		
763	2	7	29	贴花1・29	19871		
764	2	7	30	贴花1・30	19863		
765	2	7	31	贴花1・31	19864		
766	2	7	32	贴花1・32	19865		
767	2	7	33	贴花1・33	19879		
768	2	7	34	贴花1・34	19914		
769	2	7	35	贴花1・35	19915		
770	2	7	36	贴花1・36	19916		
771	2	7	37	贴花1・37	19919		
772	2	7	38	贴花1・38	19920		
773	2	7	39	贴花1・39	19923		
774	2	7	40	贴花1・40	19900		
775	2	7	41	贴花1・41	19902		
776	2	7	42	贴花1・42	19904		
777	2	7	43	贴花1・43	19907		
778	2	7	44	贴花1・44	19898		
779	2	7	45	贴花1・45	19880		
780	2	7	46	贴花1・46	19880		
781	2	7	47	贴花1・47	19884		
782	2	7	48	贴花1・48	19884		
783	2	7	49	贴花1・49	19886		
784	2	7	50	贴花1・50	19886		
785	2	7	51	贴花1・51	19888		
786	2	7	52	贴花1・52	19888		
787	2	7	53	贴花1・53	19891		
788	2	7	54	贴花1・54	19891		
789	2	7	55	贴花1・55	19891		
790	2	7	56	贴花1・56	19889		
791	2	7	57	贴花1・57	19889		
792	2	7	58	贴花1・58	19889		
793	2	7	59	贴花1・59	19890		
794	2	7	60	贴花1・60	19890		
795	2	7	61	贴花1・61	19890		
796	2	7	62	贴花1・62	19899		
797	2	7	63	贴花1・63	19899		
798	2	7	64	贴花1・64	19901		
799	2	7	65	贴花1・65	19901		
800	2	7	66	贴花1・66	19901		
801	2	7	67	贴花1・67	19903		
802	2	7	68	贴花1・68	19903		
803	2	7	69	贴花1・69	19903		
804	2	8	0	贴花2・0	19790	255;255;255;255	
805	2	8	1	贴花2・1	19925		
806	2	8	2	贴花2・2	19926		
807	2	8	3	贴花2・3	19911		
808	2	8	4	贴花2・4	19912		
809	2	8	5	贴花2・5	19913		
810	2	8	6	贴花2・6	19892		
811	2	8	7	贴花2・7	19893		
812	2	8	8	贴花2・8	19894		
813	2	8	9	贴花2・9	19895		
814	2	8	10	贴花2・10	19896		
815	2	8	11	贴花2・11	19897		
816	2	8	12	贴花2・12	19883		
817	2	8	13	贴花2・13	19881		
818	2	8	14	贴花2・14	19882		
819	2	8	15	贴花2・15	19887		
820	2	8	16	贴花2・16	19885		
821	2	8	17	贴花2・17	19877		
822	2	8	18	贴花2・18	19862		
823	2	8	19	贴花2・19	19878		
824	2	8	20	贴花2・20	19876		
825	2	8	21	贴花2・21	19875		
826	2	8	22	贴花2・22	19861		
827	2	8	23	贴花2・23	19872		
828	2	8	24	贴花2・24	19873		
829	2	8	25	贴花2・25	19874		
830	2	8	26	贴花2・26	19867		
831	2	8	27	贴花2・27	19868		
832	2	8	28	贴花2・28	19869		
833	2	8	29	贴花2・29	19871		
834	2	8	30	贴花2・30	19863		
835	2	8	31	贴花2・31	19864		
836	2	8	32	贴花2・32	19865		
837	2	8	33	贴花2・33	19879		
838	2	8	34	贴花2・34	19914		
839	2	8	35	贴花2・35	19915		
840	2	8	36	贴花2・36	19916		
841	2	8	37	贴花2・37	19919		
842	2	8	38	贴花2・38	19920		
843	2	8	39	贴花2・39	19923		
844	2	8	40	贴花2・40	19900		
845	2	8	41	贴花2・41	19902		
846	2	8	42	贴花2・42	19904		
847	2	8	43	贴花2・43	19907		
848	2	8	44	贴花2・44	19898		
849	2	8	45	贴花2・45	19896		
850	2	8	46	贴花2・46	19896		
851	2	8	47	贴花2・47	19884		
852	2	8	48	贴花2・48	19884		
853	2	8	49	贴花2・49	19886		
854	2	8	50	贴花2・50	19886		
855	2	8	51	贴花2・51	19888		
856	2	8	52	贴花2・52	19888		
857	2	8	53	贴花2・53	19891		
858	2	8	54	贴花2・54	19891		
859	2	8	55	贴花2・55	19891		
860	2	8	56	贴花2・56	19889		
861	2	8	57	贴花2・57	19889		
862	2	8	58	贴花2・58	19889		
863	2	8	59	贴花2・59	19890		
864	2	8	60	贴花2・60	19890		
865	2	8	61	贴花2・61	19890		
866	2	8	62	贴花2・62	19899		
867	2	8	63	贴花2・63	19899		
868	2	8	64	贴花2・64	19901		
869	2	8	65	贴花2・65	19901		
870	2	8	66	贴花2・66	19901		
871	2	8	67	贴花2・67	19903		
872	2	8	68	贴花2・68	19903		
873	2	8	69	贴花2・69	19903		
874	2	9	0	贴花3・0	19790	255;255;255;255	
875	2	9	1	贴花3・1	19925		
876	2	9	2	贴花3・2	19926		
877	2	9	3	贴花3・3	19911		
878	2	9	4	贴花3・4	19912		
879	2	9	5	贴花3・5	19913		
880	2	9	6	贴花3・6	19892		
881	2	9	7	贴花3・7	19893		
882	2	9	8	贴花3・8	19894		
883	2	9	9	贴花3・9	19895		
884	2	9	10	贴花3・10	19896		
885	2	9	11	贴花3・11	19897		
886	2	9	12	贴花3・12	19883		
887	2	9	13	贴花3・13	19881		
888	2	9	14	贴花3・14	19882		
889	2	9	15	贴花3・15	19887		
890	2	9	16	贴花3・16	19885		
891	2	9	17	贴花3・17	19877		
892	2	9	18	贴花3・18	19862		
893	2	9	19	贴花3・19	19878		
894	2	9	20	贴花3・20	19876		
895	2	9	21	贴花3・21	19875		
896	2	9	22	贴花3・22	19861		
897	2	9	23	贴花3・23	19872		
898	2	9	24	贴花3・24	19873		
899	2	9	25	贴花3・25	19874		
900	2	9	26	贴花3・26	19867		
901	2	9	27	贴花3・27	19868		
902	2	9	28	贴花3・28	19869		
903	2	9	29	贴花3・29	19871		
904	2	9	30	贴花3・30	19863		
905	2	9	31	贴花3・31	19864		
906	2	9	32	贴花3・32	19865		
907	2	9	33	贴花3・33	19879		
908	2	9	34	贴花3・34	19914		
909	2	9	35	贴花3・35	19915		
910	2	9	36	贴花3・36	19916		
911	2	9	37	贴花3・37	19919		
912	2	9	38	贴花3・38	19920		
913	2	9	39	贴花3・39	19923		
914	2	9	40	贴花3・40	19900		
915	2	9	41	贴花3・41	19902		
916	2	9	42	贴花3・42	19904		
917	2	9	43	贴花3・43	19907		
918	2	9	44	贴花3・44	19898		
919	2	9	45	贴花3・45	19896		
920	2	9	46	贴花3・46	19896		
921	2	9	47	贴花3・47	19884		
922	2	9	48	贴花3・48	19884		
923	2	9	49	贴花3・49	19886		
924	2	9	50	贴花3・50	19886		
925	2	9	51	贴花3・51	19888		
926	2	9	52	贴花3・52	19888		
927	2	9	53	贴花3・53	19891		
928	2	9	54	贴花3・54	19891		
929	2	9	55	贴花3・55	19891		
930	2	9	56	贴花3・56	19889		
931	2	9	57	贴花3・57	19889		
932	2	9	58	贴花3・58	19889		
933	2	9	59	贴花3・59	19890		
934	2	9	60	贴花3・60	19890		
935	2	9	61	贴花3・61	19890		
936	2	9	62	贴花3・62	19899		
937	2	9	63	贴花3・63	19899		
938	2	9	64	贴花3・64	19901		
939	2	9	65	贴花3・65	19901		
940	2	9	66	贴花3・66	19901		
941	2	9	67	贴花3・67	19903		
942	2	9	68	贴花3・68	19903		
943	2	9	69	贴花3・69	19903		
944	2	10	0	唇彩・0	19790	255;255;255;255	
945	2	10	1	唇彩・1			
946	2	10	2	唇彩・2			
947	2	10	3	唇彩・3			
948	2	10	4	唇彩・4			
949	2	10	5	唇彩・5			
950	2	10	6	唇彩・6			
951	2	10	7	唇彩・7			
952	2	10	8	唇彩・8			
953	2	10	9	唇彩・9			
954	2	10	10	唇彩・10			
955	2	10	11	唇彩・11			
956	2	10	12	唇彩・12			
957	2	10	13	唇彩・13			
958	2	10	14	唇彩・14			
959	2	10	15	唇彩・15			
960	2	10	16	唇彩・16			
961	2	10	17	唇彩・17			
962	2	10	18	唇彩・18			
963	2	10	19	唇彩・19			
964	2	10	20	唇彩・20			
965	2	11	0	闪点・0	19790	255;255;255;255	
966	2	11	1	闪点・1	19934		
967	2	11	2	闪点・2	19935		
968	2	11	3	闪点・3	19936		
969	2	11	4	闪点・4	19937		
970	2	11	5	闪点・5	19938		
971	2	11	6	闪点・6	19939		
972	2	11	7	闪点・7	19940		
973	2	11	8	闪点・8	19941		
974	2	11	9	闪点・9	19942		
975	2	11	10	闪点・10	19943		
976	2	11	11	闪点・11	19944		
977	2	11	12	闪点・12	19945		
978	2	11	13	闪点・13	19946		
979	2	11	14	闪点・14	19947		
980	2	12	0	叠涂・0	19790	255;255;255;255	
981	2	12	1	叠涂・1			
982	2	12	2	叠涂・2			
983	2	12	3	叠涂・3			
984	2	12	4	叠涂・4			
985	2	12	5	叠涂・5			
986	2	12	6	叠涂・6			
987	2	12	7	叠涂・7			
988	2	12	8	叠涂・8			
989	2	12	9	叠涂・9			
990	2	12	10	叠涂・10			
991	2	12	11	叠涂・11			
992	2	12	12	叠涂・12			
993	2	12	13	叠涂・13			
994	2	12	14	叠涂・14			
995	2	12	15	叠涂・15			
996	2	12	16	叠涂・16			
997	2	12	17	叠涂・17			
998	2	12	18	叠涂・18			
999	2	12	19	叠涂・19			
1000	2	12	20	叠涂・20			
1001	2	13	0	偏光・0	19790	255;255;255;255	
1002	2	13	1	偏光・1	19814		
1003	2	13	2	偏光・2	19815		
1004	2	13	3	偏光・3	19816		
1005	2	13	4	偏光・4	19817		
1006	2	13	5	偏光・5	19818		
1007	2	13	6	偏光・6	19819		
1008	2	13	7	偏光・7	19820		
1009	2	13	8	偏光・8	19821		
1010	2	13	9	偏光・9	19822		
1011	2	13	10	偏光・10	19823		
1012	2	13	11	偏光・11	19824		
1013	2	13	12	偏光・12	19825		
1014	2	13	13	偏光・13	19826		
1015	2	13	14	偏光・14	19827		
1016	2	14	1	默认	19790	197;114;109;255	
1017	2	14	2	唇形・1	19776	197;114;109;255	
1018	2	14	3	唇形・2	19777	197;114;109;255	
1019	2	14	4	唇形・3	19778	197;114;109;255	
1020	2	14	5	唇形・4	19779	197;114;109;255	
1021	2	14	6	唇形・5	19780	197;114;109;255	
1022	2	14	7	唇形・6	19781	197;114;109;255	
1023	2	14	8	唇形・7	19782	197;114;109;255	
1024	2	14	9	唇形・8	19783	197;114;109;255	
1025	2	14	10	唇形・9	19784	197;114;109;255	
1026	2	14	11	唇形・10	19785	197;114;109;255	
1027	2	14	12	唇形・11	19786	197;114;109;255	
1028	2	14	13	唇形・12	19787	197;114;109;255	
1029	2	14	14	唇形・13	19788	197;114;109;255	
1030	2	14	15	唇形・14	19789	197;114;109;255	
1031	2	15	0	眼影・底・0	19790	255;255;255;255	
1032	2	15	1	眼影・底・1			
1033	2	15	2	眼影・底・2			
1034	2	15	3	眼影・底・3			
1035	2	15	4	眼影・底・4			
1036	2	15	5	眼影・底・5			
1037	2	15	6	眼影・底・6			
1038	2	15	7	眼影・底・7			
1039	2	15	8	眼影・底・8			
1040	2	15	9	眼影・底・9			
1041	2	15	10	眼影・底・10			
1042	2	16	0	眼影・叠・0	19790	255;255;255;255	
1043	2	16	1	眼影・叠・1			
1044	2	16	2	眼影・叠・2			
1045	2	16	3	眼影・叠・3			
1046	2	16	4	眼影・叠・4			
1047	2	16	5	眼影・叠・5			
1048	2	16	6	眼影・叠・6			
1049	2	16	7	眼影・叠・7			
1050	2	16	8	眼影・叠・8			
1051	2	16	9	眼影・叠・9			
1052	2	16	10	眼影・叠・10			
1053	2	17	0	眼影・晕・0	19790	255;255;255;255	
1054	2	17	1	眼影・晕・1			
1055	2	17	2	眼影・晕・2			
1056	2	17	3	眼影・晕・3			
1057	2	17	4	眼影・晕・4			
1058	2	17	5	眼影・晕・5			
1059	2	17	6	眼影・晕・6			
1060	2	17	7	眼影・晕・7			
1061	2	17	8	眼影・晕・8			
1062	2	17	9	眼影・晕・9			
1063	2	17	10	眼影・晕・10			
1064	2	18	0	眼线・0	19790	255;255;255;255	
1065	2	18	1	眼线・1			
1066	2	18	2	眼线・2			
1067	2	18	3	眼线・3			
1068	2	18	4	眼线・4			
1069	2	18	5	眼线・5			
1070	2	18	6	眼线・6			
1071	2	18	7	眼线・7			
1072	2	18	8	眼线・8			
1073	2	18	9	眼线・9			
1074	2	18	10	眼线・10			
1075	2	19	0	闪点・底・0	19790	255;255;255;255	
1076	2	19	1	闪点・底・1	19948		
1077	2	19	2	闪点・底・2	19949		
1078	2	19	3	闪点・底・3	19950		
1079	2	19	4	闪点・底・4	19951		
1080	2	19	5	闪点・底・5	19952		
1081	2	19	6	闪点・底・6	19953		
1082	2	19	7	闪点・底・7	19954		
1083	2	20	0	闪点・叠・0	19790	255;255;255;255	
1084	2	20	1	闪点・叠・1	19948		
1085	2	20	2	闪点・叠・2	19949		
1086	2	20	3	闪点・叠・3	19950		
1087	2	20	4	闪点・叠・4	19951		
1088	2	20	5	闪点・叠・5	19952		
1089	2	20	6	闪点・叠・6	19953		
1090	2	20	7	闪点・叠・7	19954		
1091	2	21	0	闪点・晕・0	19790	255;255;255;255	
1092	2	21	1	闪点・晕・1	19948		
1093	2	21	2	闪点・晕・2	19949		
1094	2	21	3	闪点・晕・3	19950		
1095	2	21	4	闪点・晕・4	19951		
1096	2	21	5	闪点・晕・5	19952		
1097	2	21	6	闪点・晕・6	19953		
1098	2	21	7	闪点・晕・7	19954		
1099	2	22	0	闪点・眼线・0	19790	255;255;255;255	
1100	2	22	1	闪点・眼线・1	19948		
1101	2	22	2	闪点・眼线・2	19949		
1102	2	22	3	闪点・眼线・3	19950		
1103	2	22	4	闪点・眼线・4	19951		
1104	2	22	5	闪点・眼线・5	19952		
1105	2	22	6	闪点・眼线・6	19953		
1106	2	22	7	闪点・眼线・7	19954		
1107	2	23	0	眼睫毛・0	19790	255;255;255;255	
1108	2	23	1	眼睫毛・1	19792		
1109	2	23	2	眼睫毛・2	19793		
1110	2	23	3	眼睫毛・3	19794		
1111	2	23	4	眼睫毛・4	19795		
1112	2	23	5	眼睫毛・5	19796		
1113	2	23	6	眼睫毛・6	19797		
1114	2	23	7	眼睫毛・7	19798		
1115	2	23	8	眼睫毛・8	19799		
1116	2	23	9	眼睫毛・9	19800		
1117	2	23	10	眼睫毛・10	19801		
1118	2	23	11	眼睫毛・11	19802		
1119	2	23	12	眼睫毛・12	19803		
1120	2	24	0	左眼白・0	19790	255;255;255;255	
1121	2	24	1	左眼白・1	20003		
1122	2	24	2	左眼白・2	20004		
1123	2	24	3	左眼白・3	20005		
1124	2	24	4	左眼白・4	20006		
1125	2	24	5	左眼白・5	20007		
1126	2	24	6	左眼白・6	20008		
1127	2	24	7	左眼白・7	20009		
1128	2	24	8	左眼白・8	20010		
1129	2	24	9	左眼白・9	20011		
1130	2	25	0	右眼白・0	19790	255;255;255;255	
1131	2	25	1	右眼白・1	20003		
1132	2	25	2	右眼白・2	20004		
1133	2	25	3	右眼白・3	20005		
1134	2	25	4	右眼白・4	20006		
1135	2	25	5	右眼白・5	20007		
1136	2	25	6	右眼白・6	20008		
1137	2	25	7	右眼白・7	20009		
1138	2	25	8	右眼白・8	20010		
1139	2	25	9	右眼白・9	20011		
1140	2	26	0	阴影・0	19790	255;255;255;255	
1141	2	26	1	阴影・1	19992	220;181;164;255	
1142	2	26	2	阴影・2	19993	220;181;164;255	
1143	2	26	3	阴影・3	19994	220;181;164;255	
1144	2	26	4	阴影・4	19995	220;181;164;255	
1145	2	26	5	阴影・5	19996	220;181;164;255	
1146	2	26	6	阴影・6	19997	220;181;164;255	
1147	2	26	7	阴影・7	19998	220;181;164;255	
1148	2	26	8	阴影・8	19999	220;181;164;255	
1149	2	26	9	阴影・9	20000	220;181;164;255	
1150	2	26	10	阴影・10	20001	220;181;164;255	
1151	2	26	11	阴影・11	20002	220;181;164;255	
1152	2	27	0	卧蚕・0	19790	255;255;255;255	
1153	2	27	1	卧蚕・1			
1154	2	27	2	卧蚕・2			
1155	2	27	3	卧蚕・3			
1156	2	27	4	卧蚕・4			
1157	2	27	5	卧蚕・5			
1158	2	27	6	卧蚕・6			
1159	2	27	7	卧蚕・7			
1160	2	27	8	卧蚕・8			
1161	2	27	9	卧蚕・9			
1162	2	27	10	卧蚕・10			
1163	2	27	11	卧蚕・11			
1164	2	27	12	卧蚕・12			
1165	2	27	13	卧蚕・13			
1166	2	27	14	卧蚕・14			
1167	2	27	15	卧蚕・15			
1168	2	27	16	卧蚕・16			
1169	2	28	1	默认	19790	255;255;255;255	
1170	2	28	2	双眼皮・1			
1171	2	28	3	双眼皮・2			
1172	2	28	4	双眼皮・3			
1173	2	28	5	双眼皮・4			
1174	2	28	6	双眼皮・5			
1175	2	28	7	双眼皮・6			
1176	2	28	8	双眼皮・7			
1177	2	28	9	双眼皮・8			
1178	2	28	10	双眼皮・9			
1179	2	28	11	双眼皮・10			
1180	2	28	12	双眼皮・11			
1181	2	28	13	双眼皮・12			
1182	2	28	14	双眼皮・13			
1183	2	28	15	双眼皮・14			
1184	2	28	16	双眼皮・15			
1185	2	28	17	双眼皮・16			
1186	2	28	18	双眼皮・17			
1187	2	28	19	双眼皮・18			
1188	2	28	20	双眼皮・19			
1189	2	28	21	双眼皮・20			
1190	5	0	1	面部皮肤・1		216;188;179;255	
1191	5	0	2	面部皮肤・2		216;188;179;255	
1192	5	0	3	面部皮肤・3		216;188;179;255	
1193	5	0	4	面部皮肤・4		216;188;179;255	
1194	5	0	5	面部皮肤・5		216;188;179;255	
1195	5	1	1	默认	19673	134;116;109;255	
1196	5	1	2	左虹膜・1	19673	134;116;109;255	
1197	5	1	3	左虹膜・2	19674	67;43;53;255	
1198	5	1	4	左虹膜・3	19675	174;163;166;255	
1199	5	1	5	左虹膜・4	19676	178;184;178;255	
1200	5	1	6	左虹膜・5	19677	90;39;17;255	
1201	5	1	7	左虹膜・6	19678	161;162;160;255	
1202	5	1	8	左虹膜・7	19679	150;108;70;255	
1203	5	1	9	左虹膜・8	19680	161;162;160;255	
1204	5	1	10	左虹膜・9	19681	155;148;151;255	
1205	5	1	11	左虹膜・10	19682	112;110;106;255	
1206	5	1	12	左虹膜・11	19683	112;110;106;255	
1207	5	1	13	左虹膜・12	19684	112;110;106;255	
1208	5	1	14	左虹膜・13	19685	95;87;83;255	
1209	5	1	15	左虹膜・14	19686	150;108;70;255	
1210	5	1	16	左虹膜・15	19687	150;108;70;255	
1211	5	1	17	左虹膜・16	19688	23;134;159;255	
1212	5	1	18	左虹膜・17	19689	148;71;87;255	
1213	5	1	19	左虹膜・18	19690	173;116;173;255	
1214	5	1	20	左虹膜・19	19691	166;161;144;255	
1215	5	1	21	左虹膜・20	19692	46;156;156;255	
1216	5	1	22	左虹膜・21	19693	101;173;178;255	
1217	5	1	23	左虹膜・22	19694	94;115;81;255	
1218	5	1	24	左虹膜・23	19695	77;134;124;255	
1219	5	1	25	左虹膜・24	19696	67;12;41;255	
1220	5	1	26	左虹膜・25	19697	139;108;141;255	
1221	5	2	1	默认	19673	134;116;109;255	
1222	5	2	2	右虹膜・1	19673	134;116;109;255	
1223	5	2	3	右虹膜・2	19674	67;43;53;255	
1224	5	2	4	右虹膜・3	19675	174;163;166;255	
1225	5	2	5	右虹膜・4	19676	178;184;178;255	
1226	5	2	6	右虹膜・5	19677	90;39;17;255	
1227	5	2	7	右虹膜・6	19678	161;162;160;255	
1228	5	2	8	右虹膜・7	19679	150;108;70;255	
1229	5	2	9	右虹膜・8	19680	161;162;160;255	
1230	5	2	10	右虹膜・9	19681	155;148;151;255	
1231	5	2	11	右虹膜・10	19682	112;110;106;255	
1232	5	2	12	右虹膜・11	19683	112;110;106;255	
1233	5	2	13	右虹膜・12	19684	112;110;106;255	
1234	5	2	14	右虹膜・13	19685	95;87;83;255	
1235	5	2	15	右虹膜・14	19686	150;108;70;255	
1236	5	2	16	右虹膜・15	19687	150;108;70;255	
1237	5	2	17	右虹膜・16	19688	23;134;159;255	
1238	5	2	18	右虹膜・17	19689	148;71;87;255	
1239	5	2	19	右虹膜・18	19690	173;116;173;255	
1240	5	2	20	右虹膜・19	19691	166;161;144;255	
1241	5	2	21	右虹膜・20	19692	46;156;156;255	
1242	5	2	22	右虹膜・21	19693	101;173;178;255	
1243	5	2	23	右虹膜・22	19694	94;115;81;255	
1244	5	2	24	右虹膜・23	19695	77;134;124;255	
1245	5	2	25	右虹膜・24	19696	67;12;41;255	
1246	5	2	26	右虹膜・25	19697	139;108;141;255	
1247	5	3	1	默认	20012	140;100;88;255	
1248	5	3	2	眉毛・1	20012	140;100;88;255	
1249	5	3	3	眉毛・2	20013	140;100;88;255	
1250	5	3	4	眉毛・3	20014	140;100;88;255	
1251	5	3	5	眉毛・4	20015	140;100;88;255	
1252	5	3	6	眉毛・5	20016	140;100;88;255	
1253	5	3	7	眉毛・6	20017	140;100;88;255	
1254	5	3	8	眉毛・7	20018	140;100;88;255	
1255	5	3	9	眉毛・8	20019	140;100;88;255	
1256	5	3	10	眉毛・9	20020	140;100;88;255	
1257	5	3	11	眉毛・10	20021	140;100;88;255	
1258	5	3	12	眉毛・11	20022	140;100;88;255	
1259	5	3	13	眉毛・12	20023	140;100;88;255	
1260	5	3	14	眉毛・13	20024	140;100;88;255	
1261	5	3	15	眉毛・14	20025	140;100;88;255	
1262	5	3	16	眉毛・15	20026	140;100;88;255	
1263	5	3	17	眉毛・16	20027	140;100;88;255	
1264	5	3	18	眉毛・17	20028	140;100;88;255	
1265	5	3	19	眉毛・18	20029	140;100;88;255	
1266	5	3	20	眉毛・19	20030	140;100;88;255	
1267	5	3	21	眉毛・20	20031	140;100;88;255	
1268	5	3	22	眉毛・21	20032	140;100;88;255	
1269	5	3	23	眉毛・22	20033	140;100;88;255	
1270	5	3	24	眉毛・23	20034	140;100;88;255	
1271	5	3	25	眉毛・24	20035	140;100;88;255	
1272	5	3	26	眉毛・25	20036	140;100;88;255	
1273	5	3	27	眉毛・26	20037	140;100;88;255	
1274	5	3	28	眉毛・27	20038	140;100;88;255	
1275	5	3	29	眉毛・28	20039	140;100;88;255	
1276	5	3	30	眉毛・29	20040	140;100;88;255	
1277	5	3	31	眉毛・30	20041	140;100;88;255	
1278	5	3	32	眉毛・31	20042	140;100;88;255	
1279	5	3	33	眉毛・32	20043	140;100;88;255	
1280	5	3	34	眉毛・33	20044	140;100;88;255	
1281	5	3	35	眉毛・34	20045	140;100;88;255	
1282	5	3	36	眉毛・35	20046	140;100;88;255	
1283	5	3	37	眉毛・36	20047	140;100;88;255	
1284	5	3	38	眉毛・37	20048	140;100;88;255	
1285	5	3	39	眉毛・38	20049	140;100;88;255	
1286	5	3	40	眉毛・39	20050	140;100;88;255	
1287	5	4	0	腮红・0	19790	230;157;152;255	
1288	5	4	1	腮红・1	19975	230;157;152;255	
1289	5	4	2	腮红・2	19976	230;157;152;255	
1290	5	4	3	腮红・3	19977	230;157;152;255	
1291	5	4	4	腮红・4	19978	230;157;152;255	
1292	5	4	5	腮红・5	19979	230;157;152;255	
1293	5	4	6	腮红・6	19980	230;157;152;255	
1294	5	4	7	腮红・7	19981	230;157;152;255	
1295	5	4	8	腮红・8	19982	230;157;152;255	
1296	5	4	9	腮红・9	19983	230;157;152;255	
1297	5	4	10	腮红・10	19984	230;157;152;255	
1298	5	4	11	腮红・11	19985	230;157;152;255	
1299	5	4	12	腮红・12	19986	230;157;152;255	
1300	5	4	13	腮红・13	19987	230;157;152;255	
1301	5	4	14	腮红・14	19988	230;157;152;255	
1302	5	4	15	腮红・15	19989	230;157;152;255	
1303	5	4	16	腮红・16	19990	230;157;152;255	
1304	5	4	17	腮红・17	19991	230;157;152;255	
1305	5	5	0	胡须・0	19790	255;255;255;255	
1306	5	5	1	胡须・1		161;138;128;255	
1307	5	6	0	眼神光・0	19790	255;255;255;255	
1308	5	6	1	眼神光・1	19955		
1309	5	6	2	眼神光・2	19956		
1310	5	6	3	眼神光・3	19957		
1311	5	6	4	眼神光・4	19958		
1312	5	6	5	眼神光・5	19959		
1313	5	6	6	眼神光・6	19960		
1314	5	6	7	眼神光・7	19961		
1315	5	6	8	眼神光・8	19962		
1316	5	6	9	眼神光・9	19963		
1317	5	6	10	眼神光・10	19964		
1318	5	6	11	眼神光・11	19965		
1319	5	6	12	眼神光・12	19966		
1320	5	6	13	眼神光・13	19967		
1321	5	6	14	眼神光・14	19968		
1322	5	6	15	眼神光・15	19969		
1323	5	6	16	眼神光・16	19970		
1324	5	6	17	眼神光・17	19971		
1325	5	6	18	眼神光・18	19972		
1326	5	6	19	眼神光・19	19973		
1327	5	6	20	眼神光・20	19974		
1328	5	7	0	贴花1・0	19790	255;255;255;255	
1329	5	7	1	贴花1・1	19925		
1330	5	7	2	贴花1・2	19926		
1331	5	7	3	贴花1・3	19911		
1332	5	7	4	贴花1・4	19912		
1333	5	7	5	贴花1・5	19913		
1334	5	7	6	贴花1・6	19892		
1335	5	7	7	贴花1・7	19893		
1336	5	7	8	贴花1・8	19894		
1337	5	7	9	贴花1・9	19895		
1338	5	7	10	贴花1・10	19896		
1339	5	7	11	贴花1・11	19897		
1340	5	7	12	贴花1・12	19883		
1341	5	7	13	贴花1・13	19881		
1342	5	7	14	贴花1・14	19882		
1343	5	7	15	贴花1・15	19887		
1344	5	7	16	贴花1・16	19885		
1345	5	7	17	贴花1・17	19877		
1346	5	7	18	贴花1・18	19862		
1347	5	7	19	贴花1・19	19878		
1348	5	7	20	贴花1・20	19876		
1349	5	7	21	贴花1・21	19875		
1350	5	7	22	贴花1・22	19861		
1351	5	7	23	贴花1・23	19872		
1352	5	7	24	贴花1・24	19873		
1353	5	7	25	贴花1・25	19874		
1354	5	7	26	贴花1・26	19867		
1355	5	7	27	贴花1・27	19868		
1356	5	7	28	贴花1・28	19869		
1357	5	7	29	贴花1・29	19871		
1358	5	7	30	贴花1・30	19863		
1359	5	7	31	贴花1・31	19864		
1360	5	7	32	贴花1・32	19865		
1361	5	7	33	贴花1・33	19879		
1362	5	7	34	贴花1・34	19914		
1363	5	7	35	贴花1・35	19915		
1364	5	7	36	贴花1・36	19916		
1365	5	7	37	贴花1・37	19919		
1366	5	7	38	贴花1・38	19920		
1367	5	7	39	贴花1・39	19923		
1368	5	7	40	贴花1・40	19900		
1369	5	7	41	贴花1・41	19902		
1370	5	7	42	贴花1・42	19904		
1371	5	7	43	贴花1・43	19907		
1372	5	7	44	贴花1・44	19898		
1373	5	7	45	贴花1・45	19896		
1374	5	7	46	贴花1・46	19896		
1375	5	7	47	贴花1・47	19884		
1376	5	7	48	贴花1・48	19884		
1377	5	7	49	贴花1・49	19886		
1378	5	7	50	贴花1・50	19886		
1379	5	7	51	贴花1・51	19888		
1380	5	7	52	贴花1・52	19888		
1381	5	7	53	贴花1・53	19891		
1382	5	7	54	贴花1・54	19891		
1383	5	7	55	贴花1・55	19891		
1384	5	7	56	贴花1・56	19889		
1385	5	7	57	贴花1・57	19889		
1386	5	7	58	贴花1・58	19889		
1387	5	7	59	贴花1・59	19890		
1388	5	7	60	贴花1・60	19890		
1389	5	7	61	贴花1・61	19890		
1390	5	7	62	贴花1・62	19899		
1391	5	7	63	贴花1・63	19899		
1392	5	7	64	贴花1・64	19901		
1393	5	7	65	贴花1・65	19901		
1394	5	7	66	贴花1・66	19901		
1395	5	7	67	贴花1・67	19903		
1396	5	7	68	贴花1・68	19903		
1397	5	7	69	贴花1・69	19903		
1398	5	8	0	贴花2・0	19790	255;255;255;255	
1399	5	8	1	贴花2・1	19925		
1400	5	8	2	贴花2・2	19926		
1401	5	8	3	贴花2・3	19911		
1402	5	8	4	贴花2・4	19912		
1403	5	8	5	贴花2・5	19913		
1404	5	8	6	贴花2・6	19892		
1405	5	8	7	贴花2・7	19893		
1406	5	8	8	贴花2・8	19894		
1407	5	8	9	贴花2・9	19895		
1408	5	8	10	贴花2・10	19896		
1409	5	8	11	贴花2・11	19897		
1410	5	8	12	贴花2・12	19883		
1411	5	8	13	贴花2・13	19881		
1412	5	8	14	贴花2・14	19882		
1413	5	8	15	贴花2・15	19887		
1414	5	8	16	贴花2・16	19885		
1415	5	8	17	贴花2・17	19877		
1416	5	8	18	贴花2・18	19862		
1417	5	8	19	贴花2・19	19878		
1418	5	8	20	贴花2・20	19876		
1419	5	8	21	贴花2・21	19875		
1420	5	8	22	贴花2・22	19861		
1421	5	8	23	贴花2・23	19872		
1422	5	8	24	贴花2・24	19873		
1423	5	8	25	贴花2・25	19874		
1424	5	8	26	贴花2・26	19867		
1425	5	8	27	贴花2・27	19868		
1426	5	8	28	贴花2・28	19869		
1427	5	8	29	贴花2・29	19871		
1428	5	8	30	贴花2・30	19863		
1429	5	8	31	贴花2・31	19864		
1430	5	8	32	贴花2・32	19865		
1431	5	8	33	贴花2・33	19879		
1432	5	8	34	贴花2・34	19914		
1433	5	8	35	贴花2・35	19915		
1434	5	8	36	贴花2・36	19916		
1435	5	8	37	贴花2・37	19919		
1436	5	8	38	贴花2・38	19920		
1437	5	8	39	贴花2・39	19923		
1438	5	8	40	贴花2・40	19900		
1439	5	8	41	贴花2・41	19902		
1440	5	8	42	贴花2・42	19904		
1441	5	8	43	贴花2・43	19907		
1442	5	8	44	贴花2・44	19898		
1443	5	8	45	贴花2・45	19896		
1444	5	8	46	贴花2・46	19896		
1445	5	8	47	贴花2・47	19884		
1446	5	8	48	贴花2・48	19884		
1447	5	8	49	贴花2・49	19886		
1448	5	8	50	贴花2・50	19886		
1449	5	8	51	贴花2・51	19888		
1450	5	8	52	贴花2・52	19888		
1451	5	8	53	贴花2・53	19891		
1452	5	8	54	贴花2・54	19891		
1453	5	8	55	贴花2・55	19891		
1454	5	8	56	贴花2・56	19889		
1455	5	8	57	贴花2・57	19889		
1456	5	8	58	贴花2・58	19889		
1457	5	8	59	贴花2・59	19890		
1458	5	8	60	贴花2・60	19890		
1459	5	8	61	贴花2・61	19890		
1460	5	8	62	贴花2・62	19899		
1461	5	8	63	贴花2・63	19899		
1462	5	8	64	贴花2・64	19901		
1463	5	8	65	贴花2・65	19901		
1464	5	8	66	贴花2・66	19901		
1465	5	8	67	贴花2・67	19903		
1466	5	8	68	贴花2・68	19903		
1467	5	8	69	贴花2・69	19903		
1468	5	9	0	贴花3・0	19790	255;255;255;255	
1469	5	9	1	贴花3・1	19925		
1470	5	9	2	贴花3・2	19926		
1471	5	9	3	贴花3・3	19911		
1472	5	9	4	贴花3・4	19912		
1473	5	9	5	贴花3・5	19913		
1474	5	9	6	贴花3・6	19892		
1475	5	9	7	贴花3・7	19893		
1476	5	9	8	贴花3・8	19894		
1477	5	9	9	贴花3・9	19895		
1478	5	9	10	贴花3・10	19896		
1479	5	9	11	贴花3・11	19897		
1480	5	9	12	贴花3・12	19883		
1481	5	9	13	贴花3・13	19881		
1482	5	9	14	贴花3・14	19882		
1483	5	9	15	贴花3・15	19887		
1484	5	9	16	贴花3・16	19885		
1485	5	9	17	贴花3・17	19877		
1486	5	9	18	贴花3・18	19862		
1487	5	9	19	贴花3・19	19878		
1488	5	9	20	贴花3・20	19876		
1489	5	9	21	贴花3・21	19875		
1490	5	9	22	贴花3・22	19861		
1491	5	9	23	贴花3・23	19872		
1492	5	9	24	贴花3・24	19873		
1493	5	9	25	贴花3・25	19874		
1494	5	9	26	贴花3・26	19867		
1495	5	9	27	贴花3・27	19868		
1496	5	9	28	贴花3・28	19869		
1497	5	9	29	贴花3・29	19871		
1498	5	9	30	贴花3・30	19863		
1499	5	9	31	贴花3・31	19864		
1500	5	9	32	贴花3・32	19865		
1501	5	9	33	贴花3・33	19879		
1502	5	9	34	贴花3・34	19914		
1503	5	9	35	贴花3・35	19915		
1504	5	9	36	贴花3・36	19916		
1505	5	9	37	贴花3・37	19919		
1506	5	9	38	贴花3・38	19920		
1507	5	9	39	贴花3・39	19923		
1508	5	9	40	贴花3・40	19900		
1509	5	9	41	贴花3・41	19902		
1510	5	9	42	贴花3・42	19904		
1511	5	9	43	贴花3・43	19907		
1512	5	9	44	贴花3・44	19898		
1513	5	9	45	贴花3・45	19896		
1514	5	9	46	贴花3・46	19896		
1515	5	9	47	贴花3・47	19884		
1516	5	9	48	贴花3・48	19884		
1517	5	9	49	贴花3・49	19886		
1518	5	9	50	贴花3・50	19886		
1519	5	9	51	贴花3・51	19888		
1520	5	9	52	贴花3・52	19888		
1521	5	9	53	贴花3・53	19891		
1522	5	9	54	贴花3・54	19891		
1523	5	9	55	贴花3・55	19891		
1524	5	9	56	贴花3・56	19889		
1525	5	9	57	贴花3・57	19889		
1526	5	9	58	贴花3・58	19889		
1527	5	9	59	贴花3・59	19890		
1528	5	9	60	贴花3・60	19890		
1529	5	9	61	贴花3・61	19890		
1530	5	9	62	贴花3・62	19899		
1531	5	9	63	贴花3・63	19899		
1532	5	9	64	贴花3・64	19901		
1533	5	9	65	贴花3・65	19901		
1534	5	9	66	贴花3・66	19901		
1535	5	9	67	贴花3・67	19903		
1536	5	9	68	贴花3・68	19903		
1537	5	9	69	贴花3・69	19903		
1538	5	10	0	唇彩・0	19790	255;255;255;255	
1539	5	10	1	唇彩・1			
1540	5	10	2	唇彩・2			
1541	5	10	3	唇彩・3			
1542	5	10	4	唇彩・4			
1543	5	10	5	唇彩・5			
1544	5	10	6	唇彩・6			
1545	5	10	7	唇彩・7			
1546	5	10	8	唇彩・8			
1547	5	10	9	唇彩・9			
1548	5	10	10	唇彩・10			
1549	5	10	11	唇彩・11			
1550	5	10	12	唇彩・12			
1551	5	10	13	唇彩・13			
1552	5	10	14	唇彩・14			
1553	5	10	15	唇彩・15			
1554	5	10	16	唇彩・16			
1555	5	10	17	唇彩・17			
1556	5	10	18	唇彩・18			
1557	5	10	19	唇彩・19			
1558	5	10	20	唇彩・20			
1559	5	11	0	闪点・0	19790	255;255;255;255	
1560	5	11	1	闪点・1	19934		
1561	5	11	2	闪点・2	19935		
1562	5	11	3	闪点・3	19936		
1563	5	11	4	闪点・4	19937		
1564	5	11	5	闪点・5	19938		
1565	5	11	6	闪点・6	19939		
1566	5	11	7	闪点・7	19940		
1567	5	11	8	闪点・8	19941		
1568	5	11	9	闪点・9	19942		
1569	5	11	10	闪点・10	19943		
1570	5	11	11	闪点・11	19944		
1571	5	11	12	闪点・12	19945		
1572	5	11	13	闪点・13	19946		
1573	5	11	14	闪点・14	19947		
1574	5	12	0	叠涂・0	19790	255;255;255;255	
1575	5	12	1	叠涂・1			
1576	5	12	2	叠涂・2			
1577	5	12	3	叠涂・3			
1578	5	12	4	叠涂・4			
1579	5	12	5	叠涂・5			
1580	5	12	6	叠涂・6			
1581	5	12	7	叠涂・7			
1582	5	12	8	叠涂・8			
1583	5	12	9	叠涂・9			
1584	5	12	10	叠涂・10			
1585	5	12	11	叠涂・11			
1586	5	12	12	叠涂・12			
1587	5	12	13	叠涂・13			
1588	5	12	14	叠涂・14			
1589	5	12	15	叠涂・15			
1590	5	12	16	叠涂・16			
1591	5	12	17	叠涂・17			
1592	5	12	18	叠涂・18			
1593	5	12	19	叠涂・19			
1594	5	12	20	叠涂・20			
1595	5	13	0	偏光・0	19790	255;255;255;255	
1596	5	13	1	偏光・1			
1597	5	13	2	偏光・2			
1598	5	13	3	偏光・3			
1599	5	13	4	偏光・4			
1600	5	13	5	偏光・5			
1601	5	13	6	偏光・6			
1602	5	13	7	偏光・7			
1603	5	13	8	偏光・8			
1604	5	13	9	偏光・9			
1605	5	13	10	偏光・10			
1606	5	14	1	默认	19790	197;114;109;255	
1607	5	14	2	唇形・1		197;114;109;255	
1608	5	14	3	唇形・2		197;114;109;255	
1609	5	14	4	唇形・3		197;114;109;255	
1610	5	14	5	唇形・4		197;114;109;255	
1611	5	14	6	唇形・5		197;114;109;255	
1612	5	14	7	唇形・6		197;114;109;255	
1613	5	14	8	唇形・7		197;114;109;255	
1614	5	14	9	唇形・8		197;114;109;255	
1615	5	14	10	唇形・9		197;114;109;255	
1616	5	14	11	唇形・10		197;114;109;255	
1617	5	14	12	唇形・11		197;114;109;255	
1618	5	14	13	唇形・12		197;114;109;255	
1619	5	14	14	唇形・13		197;114;109;255	
1620	5	14	15	唇形・14		197;114;109;255	
1621	5	14	16	唇形・15		197;114;109;255	
1622	5	14	17	唇形・16		197;114;109;255	
1623	5	14	18	唇形・17		197;114;109;255	
1624	5	15	0	眼影・底・0	19790	255;255;255;255	
1625	5	15	1	眼影・底・1			
1626	5	15	2	眼影・底・2			
1627	5	15	3	眼影・底・3			
1628	5	15	4	眼影・底・4			
1629	5	15	5	眼影・底・5			
1630	5	15	6	眼影・底・6			
1631	5	15	7	眼影・底・7			
1632	5	15	8	眼影・底・8			
1633	5	15	9	眼影・底・9			
1634	5	15	10	眼影・底・10			
1635	5	16	0	眼影・叠・0	19790	255;255;255;255	
1636	5	16	1	眼影・叠・1			
1637	5	16	2	眼影・叠・2			
1638	5	16	3	眼影・叠・3			
1639	5	16	4	眼影・叠・4			
1640	5	16	5	眼影・叠・5			
1641	5	16	6	眼影・叠・6			
1642	5	16	7	眼影・叠・7			
1643	5	16	8	眼影・叠・8			
1644	5	16	9	眼影・叠・9			
1645	5	16	10	眼影・叠・10			
1646	5	17	0	眼影・晕・0	19790	255;255;255;255	
1647	5	17	1	眼影・晕・1			
1648	5	17	2	眼影・晕・2			
1649	5	17	3	眼影・晕・3			
1650	5	17	4	眼影・晕・4			
1651	5	17	5	眼影・晕・5			
1652	5	17	6	眼影・晕・6			
1653	5	17	7	眼影・晕・7			
1654	5	17	8	眼影・晕・8			
1655	5	17	9	眼影・晕・9			
1656	5	17	10	眼影・晕・10			
1657	5	18	0	眼线・0	19790	255;255;255;255	
1658	5	18	1	眼线・1			
1659	5	18	2	眼线・2			
1660	5	18	3	眼线・3			
1661	5	18	4	眼线・4			
1662	5	18	5	眼线・5			
1663	5	18	6	眼线・6			
1664	5	18	7	眼线・7			
1665	5	18	8	眼线・8			
1666	5	18	9	眼线・9			
1667	5	18	10	眼线・10			
1668	5	19	0	闪点・底・0	19790	255;255;255;255	
1669	5	19	1	闪点・底・1	19948		
1670	5	19	2	闪点・底・2	19949		
1671	5	19	3	闪点・底・3	19950		
1672	5	19	4	闪点・底・4	19951		
1673	5	19	5	闪点・底・5	19952		
1674	5	19	6	闪点・底・6	19953		
1675	5	19	7	闪点・底・7	19954		
1676	5	20	0	闪点・叠・0	19790	255;255;255;255	
1677	5	20	1	闪点・叠・1	19948		
1678	5	20	2	闪点・叠・2	19949		
1679	5	20	3	闪点・叠・3	19950		
1680	5	20	4	闪点・叠・4	19951		
1681	5	20	5	闪点・叠・5	19952		
1682	5	20	6	闪点・叠・6	19953		
1683	5	20	7	闪点・叠・7	19954		
1684	5	21	0	闪点・晕・0	19790	255;255;255;255	
1685	5	21	1	闪点・晕・1	19948		
1686	5	21	2	闪点・晕・2	19949		
1687	5	21	3	闪点・晕・3	19950		
1688	5	21	4	闪点・晕・4	19951		
1689	5	21	5	闪点・晕・5	19952		
1690	5	21	6	闪点・晕・6	19953		
1691	5	21	7	闪点・晕・7	19954		
1692	5	22	0	闪点・眼线・0	19790	255;255;255;255	
1693	5	22	1	闪点・眼线・1	19948		
1694	5	22	2	闪点・眼线・2	19949		
1695	5	22	3	闪点・眼线・3	19950		
1696	5	22	4	闪点・眼线・4	19951		
1697	5	22	5	闪点・眼线・5	19952		
1698	5	22	6	闪点・眼线・6	19953		
1699	5	22	7	闪点・眼线・7	19954		
1700	5	23	0	眼睫毛・0	19790	255;255;255;255	
1701	5	23	1	眼睫毛・1	19793		
1702	5	23	2	眼睫毛・2	19792		
1703	5	23	3	眼睫毛・3	19795		
1704	5	23	4	眼睫毛・4	19794		
1705	5	23	5	眼睫毛・5	19797		
1706	5	23	6	眼睫毛・6	19796		
1707	5	23	7	眼睫毛・7	19799		
1708	5	23	8	眼睫毛・8	19798		
1709	5	23	9	眼睫毛・9	19801		
1710	5	23	10	眼睫毛・10	19800		
1711	5	23	11	眼睫毛・11	19803		
1712	5	23	12	眼睫毛・12	19802		
1713	5	24	0	左眼白・0	19790	255;255;255;255	
1714	5	24	1	左眼白・1	20003		
1715	5	24	2	左眼白・2	20004		
1716	5	24	3	左眼白・3	20005		
1717	5	24	4	左眼白・4	20006		
1718	5	24	5	左眼白・5	20007		
1719	5	24	6	左眼白・6	20008		
1720	5	24	7	左眼白・7	20009		
1721	5	24	8	左眼白・8	20010		
1722	5	24	9	左眼白・9	20011		
1723	5	25	0	右眼白・0	19790	255;255;255;255	
1724	5	25	1	右眼白・1	20003		
1725	5	25	2	右眼白・2	20004		
1726	5	25	3	右眼白・3	20005		
1727	5	25	4	右眼白・4	20006		
1728	5	25	5	右眼白・5	20007		
1729	5	25	6	右眼白・6	20008		
1730	5	25	7	右眼白・7	20009		
1731	5	25	8	右眼白・8	20010		
1732	5	25	9	右眼白・9	20011		
1733	5	26	0	阴影・0	19790	255;255;255;255	
1734	5	26	1	阴影・1	19992	220;181;164;255	
1735	5	26	2	阴影・2	19993	220;181;164;255	
1736	5	26	3	阴影・3	19994	220;181;164;255	
1737	5	26	4	阴影・4	19995	220;181;164;255	
1738	5	26	5	阴影・5	19996	220;181;164;255	
1739	5	26	6	阴影・6	19997	220;181;164;255	
1740	5	26	7	阴影・7	19998	220;181;164;255	
1741	5	26	8	阴影・8	19999	220;181;164;255	
1742	5	26	9	阴影・9	20000	220;181;164;255	
1743	5	26	10	阴影・10	20001	220;181;164;255	
1744	5	27	0	卧蚕・0	19790	255;255;255;255	
1745	5	27	1	卧蚕・1			
1746	5	27	2	卧蚕・2			
1747	5	27	3	卧蚕・3			
1748	5	27	4	卧蚕・4			
1749	5	27	5	卧蚕・5			
1750	5	27	6	卧蚕・6			
1751	5	27	7	卧蚕・7			
1752	5	27	8	卧蚕・8			
1753	5	27	9	卧蚕・9			
1754	5	27	10	卧蚕・10			
1755	5	27	11	卧蚕・11			
1756	5	27	12	卧蚕・12			
1757	5	27	13	卧蚕・13			
1758	5	27	14	卧蚕・14			
1759	5	27	15	卧蚕・15			
1760	5	27	16	卧蚕・16			
1761	5	28	1	默认	19790	255;255;255;255	
1762	5	28	2	双眼皮・1			
1763	5	28	3	双眼皮・2			
1764	5	28	4	双眼皮・3			
1765	5	28	5	双眼皮・4			
1766	5	28	6	双眼皮・5			
1767	5	28	7	双眼皮・6			
1768	5	28	8	双眼皮・7			
1769	5	28	9	双眼皮・8			
1770	5	28	10	双眼皮・9			
1771	5	28	11	双眼皮・10			
1772	5	28	12	双眼皮・11			
1773	5	28	13	双眼皮・12			
1774	5	28	14	双眼皮・13			
1775	5	28	15	双眼皮・14			
1776	5	28	16	双眼皮・15			
1777	5	28	17	双眼皮・16			
1778	5	28	18	双眼皮・17			
1779	5	28	19	双眼皮・18			
1780	5	28	20	双眼皮・19			
1781	6	0	1	面部皮肤・1		216;188;179;255	
1782	6	0	2	面部皮肤・2		216;188;179;255	
1783	6	0	3	面部皮肤・3		216;188;179;255	
1784	6	0	4	面部皮肤・4		216;188;179;255	
1785	6	0	5	面部皮肤・5		216;188;179;255	
1786	6	1	1	默认	19673	134;116;109;255	
1787	6	1	2	左虹膜・1	19673	134;116;109;255	
1788	6	1	3	左虹膜・2	19674	67;43;53;255	
1789	6	1	4	左虹膜・3	19675	174;163;166;255	
1790	6	1	5	左虹膜・4	19676	178;184;178;255	
1791	6	1	6	左虹膜・5	19677	90;39;17;255	
1792	6	1	7	左虹膜・6	19678	161;162;160;255	
1793	6	1	8	左虹膜・7	19679	150;108;70;255	
1794	6	1	9	左虹膜・8	19680	161;162;160;255	
1795	6	1	10	左虹膜・9	19681	155;148;151;255	
1796	6	1	11	左虹膜・10	19682	112;110;106;255	
1797	6	1	12	左虹膜・11	19683	112;110;106;255	
1798	6	1	13	左虹膜・12	19684	112;110;106;255	
1799	6	1	14	左虹膜・13	19685	95;87;83;255	
1800	6	1	15	左虹膜・14	19686	150;108;70;255	
1801	6	1	16	左虹膜・15	19687	150;108;70;255	
1802	6	1	17	左虹膜・16	19688	23;134;159;255	
1803	6	1	18	左虹膜・17	19689	148;71;87;255	
1804	6	1	19	左虹膜・18	19690	173;116;173;255	
1805	6	1	20	左虹膜・19	19691	166;161;144;255	
1806	6	1	21	左虹膜・20	19692	46;156;156;255	
1807	6	1	22	左虹膜・21	19693	101;173;178;255	
1808	6	1	23	左虹膜・22	19694	94;115;81;255	
1809	6	1	24	左虹膜・23	19695	77;134;124;255	
1810	6	1	25	左虹膜・24	19696	67;12;41;255	
1811	6	1	26	左虹膜・25	19697	139;108;141;255	
1812	6	2	1	默认	19673	134;116;109;255	
1813	6	2	2	右虹膜・1	19673	134;116;109;255	
1814	6	2	3	右虹膜・2	19674	67;43;53;255	
1815	6	2	4	右虹膜・3	19675	174;163;166;255	
1816	6	2	5	右虹膜・4	19676	178;184;178;255	
1817	6	2	6	右虹膜・5	19677	90;39;17;255	
1818	6	2	7	右虹膜・6	19678	161;162;160;255	
1819	6	2	8	右虹膜・7	19679	150;108;70;255	
1820	6	2	9	右虹膜・8	19680	161;162;160;255	
1821	6	2	10	右虹膜・9	19681	155;148;151;255	
1822	6	2	11	右虹膜・10	19682	112;110;106;255	
1823	6	2	12	右虹膜・11	19683	112;110;106;255	
1824	6	2	13	右虹膜・12	19684	112;110;106;255	
1825	6	2	14	右虹膜・13	19685	95;87;83;255	
1826	6	2	15	右虹膜・14	19686	150;108;70;255	
1827	6	2	16	右虹膜・15	19687	150;108;70;255	
1828	6	2	17	右虹膜・16	19688	23;134;159;255	
1829	6	2	18	右虹膜・17	19689	148;71;87;255	
1830	6	2	19	右虹膜・18	19690	173;116;173;255	
1831	6	2	20	右虹膜・19	19691	166;161;144;255	
1832	6	2	21	右虹膜・20	19692	46;156;156;255	
1833	6	2	22	右虹膜・21	19693	101;173;178;255	
1834	6	2	23	右虹膜・22	19694	94;115;81;255	
1835	6	2	24	右虹膜・23	19695	77;134;124;255	
1836	6	2	25	右虹膜・24	19696	67;12;41;255	
1837	6	2	26	右虹膜・25	19697	139;108;141;255	
1838	6	3	1	默认	19704	140;100;88;255	
1839	6	3	2	眉毛・1	19704	140;100;88;255	
1840	6	3	3	眉毛・2	19705	140;100;88;255	
1841	6	3	4	眉毛・3	19706	140;100;88;255	
1842	6	3	5	眉毛・4	19707	140;100;88;255	
1843	6	3	6	眉毛・5	19708	140;100;88;255	
1844	6	3	7	眉毛・6	19709	140;100;88;255	
1845	6	3	8	眉毛・7	19710	140;100;88;255	
1846	6	3	9	眉毛・8	19711	140;100;88;255	
1847	6	3	10	眉毛・9	19712	140;100;88;255	
1848	6	3	11	眉毛・10	19713	140;100;88;255	
1849	6	3	12	眉毛・11	19714	140;100;88;255	
1850	6	3	13	眉毛・12	19715	140;100;88;255	
1851	6	3	14	眉毛・13	19716	140;100;88;255	
1852	6	3	15	眉毛・14	19717	140;100;88;255	
1853	6	3	16	眉毛・15	19718	140;100;88;255	
1854	6	3	17	眉毛・16	19719	140;100;88;255	
1855	6	3	18	眉毛・17	19720	140;100;88;255	
1856	6	3	19	眉毛・18	19721	140;100;88;255	
1857	6	3	20	眉毛・19	19722	140;100;88;255	
1858	6	3	21	眉毛・20	19723	140;100;88;255	
1859	6	3	22	眉毛・21	19724	140;100;88;255	
1860	6	3	23	眉毛・22	19725	140;100;88;255	
1861	6	3	24	眉毛・23	19726	140;100;88;255	
1862	6	3	25	眉毛・24	19727	140;100;88;255	
1863	6	3	26	眉毛・25	19728	140;100;88;255	
1864	6	3	27	眉毛・26	19729	140;100;88;255	
1865	6	3	28	眉毛・27	19730	140;100;88;255	
1866	6	3	29	眉毛・28	19731	140;100;88;255	
1867	6	3	30	眉毛・29	19732	140;100;88;255	
1868	6	3	31	眉毛・30	19733	140;100;88;255	
1869	6	3	32	眉毛・31	19734	140;100;88;255	
1870	6	3	33	眉毛・32	19735	140;100;88;255	
1871	6	3	34	眉毛・33	19736	140;100;88;255	
1872	6	3	35	眉毛・34	19737	140;100;88;255	
1873	6	3	36	眉毛・35	19738	140;100;88;255	
1874	6	3	37	眉毛・36	19739	140;100;88;255	
1875	6	3	38	眉毛・37	19740	140;100;88;255	
1876	6	3	39	眉毛・38	19741	140;100;88;255	
1877	6	3	40	眉毛・39	19742	140;100;88;255	
1878	6	4	0	腮红・0	19790	230;157;152;255	
1879	6	4	1	腮红・1	19975	230;157;152;255	
1880	6	4	2	腮红・2	19976	230;157;152;255	
1881	6	4	3	腮红・3	19977	230;157;152;255	
1882	6	4	4	腮红・4	19978	230;157;152;255	
1883	6	4	5	腮红・5	19979	230;157;152;255	
1884	6	4	6	腮红・6	19980	230;157;152;255	
1885	6	4	7	腮红・7	19981	230;157;152;255	
1886	6	4	8	腮红・8	19982	230;157;152;255	
1887	6	4	9	腮红・9	19983	230;157;152;255	
1888	6	4	10	腮红・10	19984	230;157;152;255	
1889	6	4	11	腮红・11	19985	230;157;152;255	
1890	6	4	12	腮红・12	19986	230;157;152;255	
1891	6	4	13	腮红・13	19987	230;157;152;255	
1892	6	4	14	腮红・14	19988	230;157;152;255	
1893	6	4	15	腮红・15	19989	230;157;152;255	
1894	6	4	16	腮红・16	19990	230;157;152;255	
1895	6	4	17	腮红・17	19991	230;157;152;255	
1896	6	5	0	胡须・0	19790	255;255;255;255	
1897	6	6	0	眼神光・0	19790	255;255;255;255	
1898	6	6	1	眼神光・1	19955		
1899	6	6	2	眼神光・2	19956		
1900	6	6	3	眼神光・3	19957		
1901	6	6	4	眼神光・4	19958		
1902	6	6	5	眼神光・5	19959		
1903	6	6	6	眼神光・6	19960		
1904	6	6	7	眼神光・7	19961		
1905	6	6	8	眼神光・8	19962		
1906	6	6	9	眼神光・9	19963		
1907	6	6	10	眼神光・10	19964		
1908	6	6	11	眼神光・11	19965		
1909	6	6	12	眼神光・12	19966		
1910	6	6	13	眼神光・13	19967		
1911	6	6	14	眼神光・14	19968		
1912	6	6	15	眼神光・15	19969		
1913	6	6	16	眼神光・16	19970		
1914	6	6	17	眼神光・17	19971		
1915	6	6	18	眼神光・18	19972		
1916	6	6	19	眼神光・19	19973		
1917	6	6	20	眼神光・20	19974		
1918	6	7	0	贴花1・0	19790	255;255;255;255	
1919	6	7	1	贴花1・1	19925		
1920	6	7	2	贴花1・2	19926		
1921	6	7	3	贴花1・3	19911		
1922	6	7	4	贴花1・4	19912		
1923	6	7	5	贴花1・5	19913		
1924	6	7	6	贴花1・6	19892		
1925	6	7	7	贴花1・7	19893		
1926	6	7	8	贴花1・8	19894		
1927	6	7	9	贴花1・9	19895		
1928	6	7	10	贴花1・10	19896		
1929	6	7	11	贴花1・11	19897		
1930	6	7	12	贴花1・12	19883		
1931	6	7	13	贴花1・13	19881		
1932	6	7	14	贴花1・14	19882		
1933	6	7	15	贴花1・15	19887		
1934	6	7	16	贴花1・16	19885		
1935	6	7	17	贴花1・17	19877		
1936	6	7	18	贴花1・18	19862		
1937	6	7	19	贴花1・19	19878		
1938	6	7	20	贴花1・20	19876		
1939	6	7	21	贴花1・21	19875		
1940	6	7	22	贴花1・22	19861		
1941	6	7	23	贴花1・23	19872		
1942	6	7	24	贴花1・24	19873		
1943	6	7	25	贴花1・25	19874		
1944	6	7	26	贴花1・26	19867		
1945	6	7	27	贴花1・27	19868		
1946	6	7	28	贴花1・28	19869		
1947	6	7	29	贴花1・29	19871		
1948	6	7	30	贴花1・30	19863		
1949	6	7	31	贴花1・31	19864		
1950	6	7	32	贴花1・32	19865		
1951	6	7	33	贴花1・33	19879		
1952	6	7	34	贴花1・34	19914		
1953	6	7	35	贴花1・35	19915		
1954	6	7	36	贴花1・36	19916		
1955	6	7	37	贴花1・37	19919		
1956	6	7	38	贴花1・38	19920		
1957	6	7	39	贴花1・39	19923		
1958	6	7	40	贴花1・40	19900		
1959	6	7	41	贴花1・41	19902		
1960	6	7	42	贴花1・42	19904		
1961	6	7	43	贴花1・43	19907		
1962	6	7	44	贴花1・44	19898		
1963	6	7	45	贴花1・45	19896		
1964	6	7	46	贴花1・46	19896		
1965	6	7	47	贴花1・47	19884		
1966	6	7	48	贴花1・48	19884		
1967	6	7	49	贴花1・49	19886		
1968	6	7	50	贴花1・50	19886		
1969	6	7	51	贴花1・51	19888		
1970	6	7	52	贴花1・52	19888		
1971	6	7	53	贴花1・53	19891		
1972	6	7	54	贴花1・54	19891		
1973	6	7	55	贴花1・55	19891		
1974	6	7	56	贴花1・56	19889		
1975	6	7	57	贴花1・57	19889		
1976	6	7	58	贴花1・58	19889		
1977	6	7	59	贴花1・59	19890		
1978	6	7	60	贴花1・60	19890		
1979	6	7	61	贴花1・61	19890		
1980	6	7	62	贴花1・62	19899		
1981	6	7	63	贴花1・63	19899		
1982	6	7	64	贴花1・64	19901		
1983	6	7	65	贴花1・65	19901		
1984	6	7	66	贴花1・66	19901		
1985	6	7	67	贴花1・67	19903		
1986	6	7	68	贴花1・68	19903		
1987	6	7	69	贴花1・69	19903		
1988	6	8	0	贴花2・0	19790	255;255;255;255	
1989	6	8	1	贴花2・1	19925		
1990	6	8	2	贴花2・2	19926		
1991	6	8	3	贴花2・3	19911		
1992	6	8	4	贴花2・4	19912		
1993	6	8	5	贴花2・5	19913		
1994	6	8	6	贴花2・6	19892		
1995	6	8	7	贴花2・7	19893		
1996	6	8	8	贴花2・8	19894		
1997	6	8	9	贴花2・9	19895		
1998	6	8	10	贴花2・10	19896		
1999	6	8	11	贴花2・11	19897		
2000	6	8	12	贴花2・12	19883		
2001	6	8	13	贴花2・13	19881		
2002	6	8	14	贴花2・14	19882		
2003	6	8	15	贴花2・15	19887		
2004	6	8	16	贴花2・16	19885		
2005	6	8	17	贴花2・17	19877		
2006	6	8	18	贴花2・18	19862		
2007	6	8	19	贴花2・19	19878		
2008	6	8	20	贴花2・20	19876		
2009	6	8	21	贴花2・21	19875		
2010	6	8	22	贴花2・22	19861		
2011	6	8	23	贴花2・23	19872		
2012	6	8	24	贴花2・24	19873		
2013	6	8	25	贴花2・25	19874		
2014	6	8	26	贴花2・26	19867		
2015	6	8	27	贴花2・27	19868		
2016	6	8	28	贴花2・28	19869		
2017	6	8	29	贴花2・29	19871		
2018	6	8	30	贴花2・30	19863		
2019	6	8	31	贴花2・31	19864		
2020	6	8	32	贴花2・32	19865		
2021	6	8	33	贴花2・33	19879		
2022	6	8	34	贴花2・34	19914		
2023	6	8	35	贴花2・35	19915		
2024	6	8	36	贴花2・36	19916		
2025	6	8	37	贴花2・37	19919		
2026	6	8	38	贴花2・38	19920		
2027	6	8	39	贴花2・39	19923		
2028	6	8	40	贴花2・40	19900		
2029	6	8	41	贴花2・41	19902		
2030	6	8	42	贴花2・42	19904		
2031	6	8	43	贴花2・43	19907		
2032	6	8	44	贴花2・44	19898		
2033	6	8	45	贴花2・45	19896		
2034	6	8	46	贴花2・46	19896		
2035	6	8	47	贴花2・47	19884		
2036	6	8	48	贴花2・48	19884		
2037	6	8	49	贴花2・49	19886		
2038	6	8	50	贴花2・50	19886		
2039	6	8	51	贴花2・51	19888		
2040	6	8	52	贴花2・52	19888		
2041	6	8	53	贴花2・53	19891		
2042	6	8	54	贴花2・54	19891		
2043	6	8	55	贴花2・55	19891		
2044	6	8	56	贴花2・56	19889		
2045	6	8	57	贴花2・57	19889		
2046	6	8	58	贴花2・58	19889		
2047	6	8	59	贴花2・59	19890		
2048	6	8	60	贴花2・60	19890		
2049	6	8	61	贴花2・61	19890		
2050	6	8	62	贴花2・62	19899		
2051	6	8	63	贴花2・63	19899		
2052	6	8	64	贴花2・64	19901		
2053	6	8	65	贴花2・65	19901		
2054	6	8	66	贴花2・66	19901		
2055	6	8	67	贴花2・67	19903		
2056	6	8	68	贴花2・68	19903		
2057	6	8	69	贴花2・69	19903		
2058	6	9	0	贴花3・0	19790	255;255;255;255	
2059	6	9	1	贴花3・1	19925		
2060	6	9	2	贴花3・2	19926		
2061	6	9	3	贴花3・3	19911		
2062	6	9	4	贴花3・4	19912		
2063	6	9	5	贴花3・5	19913		
2064	6	9	6	贴花3・6	19892		
2065	6	9	7	贴花3・7	19893		
2066	6	9	8	贴花3・8	19894		
2067	6	9	9	贴花3・9	19895		
2068	6	9	10	贴花3・10	19896		
2069	6	9	11	贴花3・11	19897		
2070	6	9	12	贴花3・12	19883		
2071	6	9	13	贴花3・13	19881		
2072	6	9	14	贴花3・14	19882		
2073	6	9	15	贴花3・15	19887		
2074	6	9	16	贴花3・16	19885		
2075	6	9	17	贴花3・17	19877		
2076	6	9	18	贴花3・18	19862		
2077	6	9	19	贴花3・19	19878		
2078	6	9	20	贴花3・20	19876		
2079	6	9	21	贴花3・21	19875		
2080	6	9	22	贴花3・22	19861		
2081	6	9	23	贴花3・23	19872		
2082	6	9	24	贴花3・24	19873		
2083	6	9	25	贴花3・25	19874		
2084	6	9	26	贴花3・26	19867		
2085	6	9	27	贴花3・27	19868		
2086	6	9	28	贴花3・28	19869		
2087	6	9	29	贴花3・29	19871		
2088	6	9	30	贴花3・30	19863		
2089	6	9	31	贴花3・31	19864		
2090	6	9	32	贴花3・32	19865		
2091	6	9	33	贴花3・33	19879		
2092	6	9	34	贴花3・34	19914		
2093	6	9	35	贴花3・35	19915		
2094	6	9	36	贴花3・36	19916		
2095	6	9	37	贴花3・37	19919		
2096	6	9	38	贴花3・38	19920		
2097	6	9	39	贴花3・39	19923		
2098	6	9	40	贴花3・40	19900		
2099	6	9	41	贴花3・41	19902		
2100	6	9	42	贴花3・42	19904		
2101	6	9	43	贴花3・43	19907		
2102	6	9	44	贴花3・44	19898		
2103	6	9	45	贴花3・45	19896		
2104	6	9	46	贴花3・46	19896		
2105	6	9	47	贴花3・47	19884		
2106	6	9	48	贴花3・48	19884		
2107	6	9	49	贴花3・49	19886		
2108	6	9	50	贴花3・50	19886		
2109	6	9	51	贴花3・51	19888		
2110	6	9	52	贴花3・52	19888		
2111	6	9	53	贴花3・53	19891		
2112	6	9	54	贴花3・54	19891		
2113	6	9	55	贴花3・55	19891		
2114	6	9	56	贴花3・56	19889		
2115	6	9	57	贴花3・57	19889		
2116	6	9	58	贴花3・58	19889		
2117	6	9	59	贴花3・59	19890		
2118	6	9	60	贴花3・60	19890		
2119	6	9	61	贴花3・61	19890		
2120	6	9	62	贴花3・62	19899		
2121	6	9	63	贴花3・63	19899		
2122	6	9	64	贴花3・64	19901		
2123	6	9	65	贴花3・65	19901		
2124	6	9	66	贴花3・66	19901		
2125	6	9	67	贴花3・67	19903		
2126	6	9	68	贴花3・68	19903		
2127	6	9	69	贴花3・69	19903		
2128	6	10	0	唇彩・0	19790	255;255;255;255	
2129	6	10	1	唇彩・1			
2130	6	10	2	唇彩・2			
2131	6	10	3	唇彩・3			
2132	6	10	4	唇彩・4			
2133	6	10	5	唇彩・5			
2134	6	10	6	唇彩・6			
2135	6	10	7	唇彩・7			
2136	6	10	8	唇彩・8			
2137	6	10	9	唇彩・9			
2138	6	10	10	唇彩・10			
2139	6	10	11	唇彩・11			
2140	6	10	12	唇彩・12			
2141	6	10	13	唇彩・13			
2142	6	10	14	唇彩・14			
2143	6	10	15	唇彩・15			
2144	6	10	16	唇彩・16			
2145	6	10	17	唇彩・17			
2146	6	10	18	唇彩・18			
2147	6	10	19	唇彩・19			
2148	6	10	20	唇彩・20			
2149	6	11	0	闪点・0	19790	255;255;255;255	
2150	6	11	1	闪点・1	19934		
2151	6	11	2	闪点・2	19935		
2152	6	11	3	闪点・3	19936		
2153	6	11	4	闪点・4	19937		
2154	6	11	5	闪点・5	19938		
2155	6	11	6	闪点・6	19939		
2156	6	11	7	闪点・7	19940		
2157	6	11	8	闪点・8	19941		
2158	6	11	9	闪点・9	19942		
2159	6	11	10	闪点・10	19943		
2160	6	11	11	闪点・11	19944		
2161	6	11	12	闪点・12	19945		
2162	6	11	13	闪点・13	19946		
2163	6	11	14	闪点・14	19947		
2164	6	12	0	叠涂・0	19790	255;255;255;255	
2165	6	12	1	叠涂・1			
2166	6	12	2	叠涂・2			
2167	6	12	3	叠涂・3			
2168	6	12	4	叠涂・4			
2169	6	12	5	叠涂・5			
2170	6	12	6	叠涂・6			
2171	6	12	7	叠涂・7			
2172	6	12	8	叠涂・8			
2173	6	12	9	叠涂・9			
2174	6	12	10	叠涂・10			
2175	6	12	11	叠涂・11			
2176	6	12	12	叠涂・12			
2177	6	12	13	叠涂・13			
2178	6	12	14	叠涂・14			
2179	6	12	15	叠涂・15			
2180	6	12	16	叠涂・16			
2181	6	12	17	叠涂・17			
2182	6	12	18	叠涂・18			
2183	6	12	19	叠涂・19			
2184	6	12	20	叠涂・20			
2185	6	13	0	偏光・0	19790	255;255;255;255	
2186	6	13	1	偏光・1	19814		
2187	6	13	2	偏光・2	19815		
2188	6	13	3	偏光・3	19816		
2189	6	13	4	偏光・4	19817		
2190	6	13	5	偏光・5	19818		
2191	6	13	6	偏光・6	19819		
2192	6	13	7	偏光・7	19820		
2193	6	13	8	偏光・8	19821		
2194	6	13	9	偏光・9	19822		
2195	6	13	10	偏光・10	19823		
2196	6	13	11	偏光・11	19824		
2197	6	13	12	偏光・12	19825		
2198	6	13	13	偏光・13	19826		
2199	6	13	14	偏光・14	19827		
2200	6	14	1	默认	19790	197;114;109;255	
2201	6	14	2	唇形・1	19776	197;114;109;255	
2202	6	14	3	唇形・2	19777	197;114;109;255	
2203	6	14	4	唇形・3	19778	197;114;109;255	
2204	6	14	5	唇形・4	19779	197;114;109;255	
2205	6	14	6	唇形・5	19780	197;114;109;255	
2206	6	14	7	唇形・6	19781	197;114;109;255	
2207	6	14	8	唇形・7	19782	197;114;109;255	
2208	6	14	9	唇形・8	19783	197;114;109;255	
2209	6	14	10	唇形・9	19784	197;114;109;255	
2210	6	14	11	唇形・10	19785	197;114;109;255	
2211	6	14	12	唇形・11	19786	197;114;109;255	
2212	6	14	13	唇形・12	19787	197;114;109;255	
2213	6	14	14	唇形・13	19788	197;114;109;255	
2214	6	14	15	唇形・14	19789	197;114;109;255	
2215	6	15	0	眼影・底・0	19790	255;255;255;255	
2216	6	15	1	眼影・底・1			
2217	6	15	2	眼影・底・2			
2218	6	15	3	眼影・底・3			
2219	6	15	4	眼影・底・4			
2220	6	15	5	眼影・底・5			
2221	6	15	6	眼影・底・6			
2222	6	15	7	眼影・底・7			
2223	6	15	8	眼影・底・8			
2224	6	15	9	眼影・底・9			
2225	6	15	10	眼影・底・10			
2226	6	16	0	眼影・叠・0	19790	255;255;255;255	
2227	6	16	1	眼影・叠・1			
2228	6	16	2	眼影・叠・2			
2229	6	16	3	眼影・叠・3			
2230	6	16	4	眼影・叠・4			
2231	6	16	5	眼影・叠・5			
2232	6	16	6	眼影・叠・6			
2233	6	16	7	眼影・叠・7			
2234	6	16	8	眼影・叠・8			
2235	6	16	9	眼影・叠・9			
2236	6	16	10	眼影・叠・10			
2237	6	17	0	眼影・晕・0	19790	255;255;255;255	
2238	6	17	1	眼影・晕・1			
2239	6	17	2	眼影・晕・2			
2240	6	17	3	眼影・晕・3			
2241	6	17	4	眼影・晕・4			
2242	6	17	5	眼影・晕・5			
2243	6	17	6	眼影・晕・6			
2244	6	17	7	眼影・晕・7			
2245	6	17	8	眼影・晕・8			
2246	6	17	9	眼影・晕・9			
2247	6	17	10	眼影・晕・10			
2248	6	18	0	眼线・0	19790	255;255;255;255	
2249	6	18	1	眼线・1			
2250	6	18	2	眼线・2			
2251	6	18	3	眼线・3			
2252	6	18	4	眼线・4			
2253	6	18	5	眼线・5			
2254	6	18	6	眼线・6			
2255	6	18	7	眼线・7			
2256	6	18	8	眼线・8			
2257	6	18	9	眼线・9			
2258	6	18	10	眼线・10			
2259	6	19	0	闪点・底・0	19790	255;255;255;255	
2260	6	19	1	闪点・底・1	19948		
2261	6	19	2	闪点・底・2	19949		
2262	6	19	3	闪点・底・3	19950		
2263	6	19	4	闪点・底・4	19951		
2264	6	19	5	闪点・底・5	19952		
2265	6	19	6	闪点・底・6	19953		
2266	6	19	7	闪点・底・7	19954		
2267	6	20	0	闪点・叠・0	19790	255;255;255;255	
2268	6	20	1	闪点・叠・1	19948		
2269	6	20	2	闪点・叠・2	19949		
2270	6	20	3	闪点・叠・3	19950		
2271	6	20	4	闪点・叠・4	19951		
2272	6	20	5	闪点・叠・5	19952		
2273	6	20	6	闪点・叠・6	19953		
2274	6	20	7	闪点・叠・7	19954		
2275	6	21	0	闪点・晕・0	19790	255;255;255;255	
2276	6	21	1	闪点・晕・1	19948		
2277	6	21	2	闪点・晕・2	19949		
2278	6	21	3	闪点・晕・3	19950		
2279	6	21	4	闪点・晕・4	19951		
2280	6	21	5	闪点・晕・5	19952		
2281	6	21	6	闪点・晕・6	19953		
2282	6	21	7	闪点・晕・7	19954		
2283	6	22	0	闪点・眼线・0	19790	255;255;255;255	
2284	6	22	1	闪点・眼线・1	19948		
2285	6	22	2	闪点・眼线・2	19949		
2286	6	22	3	闪点・眼线・3	19950		
2287	6	22	4	闪点・眼线・4	19951		
2288	6	22	5	闪点・眼线・5	19952		
2289	6	22	6	闪点・眼线・6	19953		
2290	6	22	7	闪点・眼线・7	19954		
2291	6	23	0	眼睫毛・0	19790	255;255;255;255	
2292	6	23	1	眼睫毛・1	19792		
2293	6	23	2	眼睫毛・2	19793		
2294	6	23	3	眼睫毛・3	19794		
2295	6	23	4	眼睫毛・4	19795		
2296	6	23	5	眼睫毛・5	19796		
2297	6	23	6	眼睫毛・6	19797		
2298	6	23	7	眼睫毛・7	19798		
2299	6	23	8	眼睫毛・8	19799		
2300	6	23	9	眼睫毛・9	19800		
2301	6	23	10	眼睫毛・10	19801		
2302	6	23	11	眼睫毛・11	19802		
2303	6	23	12	眼睫毛・12	19803		
2304	6	24	0	左眼白・0	19790	255;255;255;255	
2305	6	24	1	左眼白・1	20003		
2306	6	24	2	左眼白・2	20004		
2307	6	24	3	左眼白・3	20005		
2308	6	24	4	左眼白・4	20006		
2309	6	24	5	左眼白・5	20007		
2310	6	24	6	左眼白・6	20008		
2311	6	24	7	左眼白・7	20009		
2312	6	24	8	左眼白・8	20010		
2313	6	24	9	左眼白・9	20011		
2314	6	25	0	右眼白・0	19790	255;255;255;255	
2315	6	25	1	右眼白・1	20003		
2316	6	25	2	右眼白・2	20004		
2317	6	25	3	右眼白・3	20005		
2318	6	25	4	右眼白・4	20006		
2319	6	25	5	右眼白・5	20007		
2320	6	25	6	右眼白・6	20008		
2321	6	25	7	右眼白・7	20009		
2322	6	25	8	右眼白・8	20010		
2323	6	25	9	右眼白・9	20011		
2324	6	26	0	阴影・0	19790	255;255;255;255	
2325	6	26	1	阴影・1	19992	220;181;164;255	
2326	6	26	2	阴影・2	19993	220;181;164;255	
2327	6	26	3	阴影・3	19994	220;181;164;255	
2328	6	26	4	阴影・4	19995	220;181;164;255	
2329	6	26	5	阴影・5	19996	220;181;164;255	
2330	6	26	6	阴影・6	19997	220;181;164;255	
2331	6	26	7	阴影・7	19998	220;181;164;255	
2332	6	26	8	阴影・8	19999	220;181;164;255	
2333	6	26	9	阴影・9	20000	220;181;164;255	
2334	6	26	10	阴影・10	20001	220;181;164;255	
2335	6	27	0	卧蚕・0	19790	255;255;255;255	
2336	6	27	1	卧蚕・1			
2337	6	27	2	卧蚕・2			
2338	6	27	3	卧蚕・3			
2339	6	27	4	卧蚕・4			
2340	6	27	5	卧蚕・5			
2341	6	27	6	卧蚕・6			
2342	6	27	7	卧蚕・7			
2343	6	27	8	卧蚕・8			
2344	6	27	9	卧蚕・9			
2345	6	27	10	卧蚕・10			
2346	6	27	11	卧蚕・11			
2347	6	27	12	卧蚕・12			
2348	6	27	13	卧蚕・13			
2349	6	27	14	卧蚕・14			
2350	6	27	15	卧蚕・15			
2351	6	27	16	卧蚕・16			
2352	6	28	1	默认	19790	255;255;255;255	
2353	6	28	2	双眼皮・1			
2354	6	28	3	双眼皮・2			
2355	6	28	4	双眼皮・3			
2356	6	28	5	双眼皮・4			
2357	6	28	6	双眼皮・5			
2358	6	28	7	双眼皮・6			
2359	6	28	8	双眼皮・7			
2360	6	28	9	双眼皮・8			
2361	6	28	10	双眼皮・9			
2362	6	28	11	双眼皮・10			
2363	6	28	12	双眼皮・11			
2364	6	28	13	双眼皮・12			
2365	6	28	14	双眼皮・13			
2366	6	28	15	双眼皮・14			
2367	6	28	16	双眼皮・15			
2368	6	28	17	双眼皮・16			
2369	6	28	18	双眼皮・17			
2370	6	28	19	双眼皮・18			
