ID	RoleType	Type	ShowID	Name	IconID	DefaultRGBA	Label
0	0	0	0	默认	0	255;255;255;255	0
1	1	0	1	默认	20597	216;188;179;255	
2	1	0	2	闻语	20598	216;188;179;255	
3	1	0	3	争渡	20599	216;188;179;255	
4	1	0	4	玉琼	20600	216;188;179;255	
5	1	0	5	关山	20601	216;188;179;255	
6	1	1	1	默认	19673	134;116;109;255	
7	1	1	2	静秋	19673	134;116;109;255	
8	1	1	3	云雁	19674	67;43;53;255	
9	1	1	4	暮鸦	19675	174;163;166;255	
10	1	1	5	清辉	19676	178;184;178;255	
11	1	1	6	金瑶	19677	90;39;17;255	
12	1	1	7	霜枝	19678	161;162;160;255	
13	1	1	8	琴音	19679	150;108;70;255	
14	1	1	9	松影	19680	161;162;160;255	
15	1	1	10	梦幽	19681	155;148;151;255	
16	1	1	11	清波	19682	112;110;106;255	
17	1	1	12	天翠	19683	112;110;106;255	
18	1	1	13	水月	19684	112;110;106;255	
19	1	1	14	雁影	19685	95;87;83;255	
20	1	1	15	琥珀	19686	150;108;70;255	
21	1	1	16	猫瞳	19687	150;108;70;255	
22	1	1	17	瑶池	19688	23;134;159;255	
23	1	1	18	晚光	19689	148;71;87;255	
24	1	1	19	花影	19690	173;116;173;255	
25	1	1	20	云舟	19691	166;161;144;255	
26	1	1	21	星璧	19692	46;156;156;255	
27	1	1	22	静泊	19693	101;173;178;255	
28	1	1	23	风吟	19694	94;115;81;255	
29	1	1	24	碧波	19695	77;134;124;255	
30	1	1	25	霞光	19696	67;12;41;255	
31	1	1	26	心语	19697	139;108;141;255	
32	1	2	1	默认	19673	134;116;109;255	
33	1	2	2	静秋	19673	134;116;109;255	
34	1	2	3	云雁	19674	67;43;53;255	
35	1	2	4	暮鸦	19675	174;163;166;255	
36	1	2	5	清辉	19676	178;184;178;255	
37	1	2	6	金瑶	19677	90;39;17;255	
38	1	2	7	霜枝	19678	161;162;160;255	
39	1	2	8	琴音	19679	150;108;70;255	
40	1	2	9	松影	19680	161;162;160;255	
41	1	2	10	梦幽	19681	155;148;151;255	
42	1	2	11	清波	19682	112;110;106;255	
43	1	2	12	天翠	19683	112;110;106;255	
44	1	2	13	水月	19684	112;110;106;255	
45	1	2	14	雁影	19685	95;87;83;255	
46	1	2	15	琥珀	19686	150;108;70;255	
47	1	2	16	猫瞳	19687	150;108;70;255	
48	1	2	17	瑶池	19688	23;134;159;255	
49	1	2	18	晚光	19689	148;71;87;255	
50	1	2	19	花影	19690	173;116;173;255	
51	1	2	20	云舟	19691	166;161;144;255	
52	1	2	21	星璧	19692	46;156;156;255	
53	1	2	22	静泊	19693	101;173;178;255	
54	1	2	23	风吟	19694	94;115;81;255	
55	1	2	24	碧波	19695	77;134;124;255	
56	1	2	25	霞光	19696	67;12;41;255	
57	1	2	26	心语	19697	139;108;141;255	
58	1	3	1	默认	20012	140;100;88;255	
59	1	3	2	论英雄	20012	140;100;88;255	
60	1	3	3	枫林晚	20013	140;100;88;255	
61	1	3	4	菩提心	20014	140;100;88;255	
62	1	3	5	倦云台	20015	140;100;88;255	
63	1	3	6	不系舟	20016	140;100;88;255	
64	1	3	7	浣溪沙	20017	140;100;88;255	
65	1	3	8	过重关	20018	140;100;88;255	
66	1	3	9	山月斜	20019	140;100;88;255	
67	1	3	10	凤凰台	20020	140;100;88;255	
68	1	3	11	东篱下	20021	140;100;88;255	
69	1	3	12	醉飞霜	20022	140;100;88;255	
70	1	3	13	梦阑干	20023	140;100;88;255	
71	1	3	14	忆秦娥	20024	140;100;88;255	
72	1	3	15	云中君	20025	140;100;88;255	
73	1	3	16	意疏狂	20026	140;100;88;255	
74	1	3	17	浮生梦	20027	140;100;88;255	
75	1	3	18	鹊南飞	20028	140;100;88;255	
76	1	3	19	揽星河	20029	140;100;88;255	
77	1	3	20	我心悠	20030	140;100;88;255	
78	1	3	21	曲中游	20031	140;100;88;255	
79	1	3	22	观沧海	20032	140;100;88;255	
80	1	3	23	将军令	20033	140;100;88;255	
81	1	3	24	枉凝眉	20034	140;100;88;255	
82	1	3	25	勾栏醉	20035	140;100;88;255	
83	1	3	26	长恨歌	20036	140;100;88;255	
84	1	3	27	执金吾	20037	140;100;88;255	
85	1	3	28	倚阑干	20038	140;100;88;255	
86	1	3	29	三千里	20039	140;100;88;255	
87	1	3	30	仗歌行	20040	140;100;88;255	
88	1	3	31	落梅笺	20041	140;100;88;255	
89	1	3	32	踏凌霄	20042	140;100;88;255	
90	1	3	33	数风流	20043	140;100;88;255	
91	1	3	34	浪淘沙	20044	140;100;88;255	
92	1	3	35	气峥嵘	20045	140;100;88;255	
93	1	3	36	少年行	20046	140;100;88;255	
94	1	3	37	相见欢	20047	140;100;88;255	
95	1	3	38	酹江月	20048	140;100;88;255	
96	1	3	39	碧玉萧	20049	140;100;88;255	
97	1	3	40	洞庭波	20050	140;100;88;255	
98	1	4	0	默认	19790		
99	1	4	1	红笺	19975	230;157;152;255	
100	1	4	2	红霞	19976	230;157;152;255	
101	1	4	3	红炉	19977	230;157;152;255	
102	1	4	4	红豆	19978	230;157;152;255	
103	1	4	5	红枫	19979	230;157;152;255	
104	1	4	6	红粟	19980	230;157;152;255	
105	1	4	7	红荔	19981	230;157;152;255	
106	1	4	8	红尘	19982	230;157;152;255	
107	1	4	9	红怜	19983	230;157;152;255	
108	1	4	10	红云	19984	230;157;152;255	
109	1	4	11	红D	19985	230;157;152;255	
110	1	4	12	红苕	19986	230;157;152;255	
111	1	4	13	红酥	19987	230;157;152;255	
112	1	4	14	红萤	19988	230;157;152;255	
113	1	4	15	红烛	19989	230;157;152;255	
114	1	4	16	红蓼	19990	230;157;152;255	
115	1	4	17	红萼	19991	230;157;152;255	
116	1	5	0	默认	19790		
117	1	5	1	云山乱	20775	161;138;128;255	
118	1	6	0	默认	20958		
119	1	6	1	清铃・上	19955		
120	1	6	2	清铃・下	19956		
121	1	6	3	点眸・上	19957		
122	1	6	4	点眸・下	19958		
123	1	6	5	秋水・上	19959		
124	1	6	6	秋水・下	19960		
125	1	6	7	横波・上	19961		
126	1	6	8	横波・下	19962		
127	1	6	9	春水・上	19963		
128	1	6	10	春水・下	19964		
129	1	6	11	凝睇・上	19965		
130	1	6	12	凝睇・下	19966		
131	1	6	13	点漆・上	19967		
132	1	6	14	点漆・下	19968		
133	1	6	15	星眸・上	19969		
134	1	6	16	星眸・下	19970		
135	1	6	17	浮萍・上	19971		
136	1	6	18	浮萍・下	19972		
137	1	6	19	星河・上	19973		
138	1	6	20	星河・下	19974		
139	1	6	21	无	19673		
140	1	7	0	默认	19790		
141	1	7	1	霜狸	19925		
142	1	7	2	雪啸	19926		
143	1	7	3	焰莲	19911		
144	1	7	4	明昭	19912		
145	1	7	5	翩跹	19913		
146	1	7	6	嫣然	19892		
147	1	7	7	华幽	19893		
148	1	7	8	念念	19894		
149	1	7	9	落滟	19895		
150	1	7	10	翩芳	19896		
151	1	7	11	潋岚	19897		
152	1	7	12	雪意	19883		
153	1	7	13	有狐	19881		
154	1	7	14	斑斑	19882		
155	1	7	15	连星	19887		
156	1	7	16	菱花	19885		
157	1	7	17	鳞蛟	19877		
158	1	7	18	浴血	19862		
159	1	7	19	纤云	19878		
160	1	7	20	恋心	19876		
161	1	7	21	樱D	19875		
162	1	7	22	雀斑	19861		
163	1	7	23	流金	19872		
164	1	7	24	惊昙	19873		
165	1	7	25	泪痣	19874		
166	1	7	26	魅星	19867		
167	1	7	27	妖星	19868		
168	1	7	28	逢虎	19869		
169	1	7	29	魂迷夜	19871		
170	1	7	30	曼殊沙华	19863		
171	1	7	31	夕燕	19864		
172	1	7	32	灿金	19865		
173	1	7	33	灵祈	19879		
174	1	7	34	崩天	19914		
175	1	7	35	狸瘴	19915		
176	1	7	36	珠玉	19916		
177	1	7	37	星月	19919		
178	1	7	38	烁金	19920		
179	1	7	39	金箍	19923		
180	1	7	40	情劫	19900		
181	1	7	41	冲冠	19902		
182	1	7	42	银鳞见日	19904		
183	1	7	43	菩萨蛮	19907		
184	1	7	44	芳菲尽	19898		
185	1	7	45	香如故・左	19880		
186	1	7	46	香如故・右	19880		
187	1	7	47	银杏・左	19884		
188	1	7	48	银杏・右	19884		
189	1	7	49	翠叶・左	19886		
190	1	7	50	翠叶・右	19886		
191	1	7	51	攀眉・左	19888		
192	1	7	52	攀眉・右	19888		
193	1	7	53	汐朝・左	19891		
194	1	7	54	汐朝・右	19891		
195	1	7	55	回浪汐朝	19891		
196	1	7	56	烟丹・左	19889		
197	1	7	57	烟丹・右	19889		
198	1	7	58	朱凤烟丹	19889		
199	1	7	59	摇红・左	19890		
200	1	7	60	摇红・右	19890		
201	1	7	61	烛影摇红	19890		
202	1	7	62	龙霆・左	19899		
203	1	7	63	龙霆・右	19899		
204	1	7	64	离火・左	19901		
205	1	7	65	离火・右	19901		
206	1	7	66	离火・双	19901		
207	1	7	67	金云・左	19903		
208	1	7	68	金云・右	19903		
209	1	7	69	金云・双	19903		
210	1	8	0	默认	19790		
211	1	8	1	霜狸	19925		
212	1	8	2	雪啸	19926		
213	1	8	3	焰莲	19911		
214	1	8	4	明昭	19912		
215	1	8	5	翩跹	19913		
216	1	8	6	嫣然	19892		
217	1	8	7	华幽	19893		
218	1	8	8	念念	19894		
219	1	8	9	落滟	19895		
220	1	8	10	翩芳	19896		
221	1	8	11	潋岚	19897		
222	1	8	12	雪意	19883		
223	1	8	13	有狐	19881		
224	1	8	14	斑斑	19882		
225	1	8	15	连星	19887		
226	1	8	16	菱花	19885		
227	1	8	17	鳞蛟	19877		
228	1	8	18	浴血	19862		
229	1	8	19	纤云	19878		
230	1	8	20	恋心	19876		
231	1	8	21	樱D	19875		
232	1	8	22	雀斑	19861		
233	1	8	23	流金	19872		
234	1	8	24	惊昙	19873		
235	1	8	25	泪痣	19874		
236	1	8	26	魅星	19867		
237	1	8	27	妖星	19868		
238	1	8	28	逢虎	19869		
239	1	8	29	魂迷夜	19871		
240	1	8	30	曼殊沙华	19863		
241	1	8	31	夕燕	19864		
242	1	8	32	灿金	19865		
243	1	8	33	灵祈	19879		
244	1	8	34	崩天	19914		
245	1	8	35	狸瘴	19915		
246	1	8	36	珠玉	19916		
247	1	8	37	星月	19919		
248	1	8	38	烁金	19920		
249	1	8	39	金箍	19923		
250	1	8	40	情劫	19900		
251	1	8	41	冲冠	19902		
252	1	8	42	银鳞见日	19904		
253	1	8	43	菩萨蛮	19907		
254	1	8	44	芳菲尽	19898		
255	1	8	45	香如故・左	19880		
256	1	8	46	香如故・右	19880		
257	1	8	47	银杏・左	19884		
258	1	8	48	银杏・右	19884		
259	1	8	49	翠叶・左	19886		
260	1	8	50	翠叶・右	19886		
261	1	8	51	攀眉・左	19888		
262	1	8	52	攀眉・右	19888		
263	1	8	53	汐朝・左	19891		
264	1	8	54	汐朝・右	19891		
265	1	8	55	回浪汐朝	19891		
266	1	8	56	烟丹・左	19889		
267	1	8	57	烟丹・右	19889		
268	1	8	58	朱凤烟丹	19889		
269	1	8	59	摇红・左	19890		
270	1	8	60	摇红・右	19890		
271	1	8	61	烛影摇红	19890		
272	1	8	62	龙霆・左	19899		
273	1	8	63	龙霆・右	19899		
274	1	8	64	离火・左	19901		
275	1	8	65	离火・右	19901		
276	1	8	66	离火・双	19901		
277	1	8	67	金云・左	19903		
278	1	8	68	金云・右	19903		
279	1	8	69	金云・双	19903		
280	1	9	0	默认	19790		
281	1	9	1	霜狸	19925		
282	1	9	2	雪啸	19926		
283	1	9	3	焰莲	19911		
284	1	9	4	明昭	19912		
285	1	9	5	翩跹	19913		
286	1	9	6	嫣然	19892		
287	1	9	7	华幽	19893		
288	1	9	8	念念	19894		
289	1	9	9	落滟	19895		
290	1	9	10	翩芳	19896		
291	1	9	11	潋岚	19897		
292	1	9	12	雪意	19883		
293	1	9	13	有狐	19881		
294	1	9	14	斑斑	19882		
295	1	9	15	连星	19887		
296	1	9	16	菱花	19885		
297	1	9	17	鳞蛟	19877		
298	1	9	18	浴血	19862		
299	1	9	19	纤云	19878		
300	1	9	20	恋心	19876		
301	1	9	21	樱D	19875		
302	1	9	22	雀斑	19861		
303	1	9	23	流金	19872		
304	1	9	24	惊昙	19873		
305	1	9	25	泪痣	19874		
306	1	9	26	魅星	19867		
307	1	9	27	妖星	19868		
308	1	9	28	逢虎	19869		
309	1	9	29	魂迷夜	19871		
310	1	9	30	曼殊沙华	19863		
311	1	9	31	夕燕	19864		
312	1	9	32	灿金	19865		
313	1	9	33	灵祈	19879		
314	1	9	34	崩天	19914		
315	1	9	35	狸瘴	19915		
316	1	9	36	珠玉	19916		
317	1	9	37	星月	19919		
318	1	9	38	烁金	19920		
319	1	9	39	金箍	19923		
320	1	9	40	情劫	19900		
321	1	9	41	冲冠	19902		
322	1	9	42	银鳞见日	19904		
323	1	9	43	菩萨蛮	19907		
324	1	9	44	芳菲尽	19898		
325	1	9	45	香如故・左	19880		
326	1	9	46	香如故・右	19880		
327	1	9	47	银杏・左	19884		
328	1	9	48	银杏・右	19884		
329	1	9	49	翠叶・左	19886		
330	1	9	50	翠叶・右	19886		
331	1	9	51	攀眉・左	19888		
332	1	9	52	攀眉・右	19888		
333	1	9	53	汐朝・左	19891		
334	1	9	54	汐朝・右	19891		
335	1	9	55	回浪汐朝	19891		
336	1	9	56	烟丹・左	19889		
337	1	9	57	烟丹・右	19889		
338	1	9	58	朱凤烟丹	19889		
339	1	9	59	摇红・左	19890		
340	1	9	60	摇红・右	19890		
341	1	9	61	烛影摇红	19890		
342	1	9	62	龙霆・左	19899		
343	1	9	63	龙霆・右	19899		
344	1	9	64	离火・左	19901		
345	1	9	65	离火・右	19901		
346	1	9	66	离火・双	19901		
347	1	9	67	金云・左	19903		
348	1	9	68	金云・右	19903		
349	1	9	69	金云・双	19903		
350	1	10	0	默认	19790		
351	1	10	1	烬	20490		
352	1	10	2	汐	20491		
353	1	10	3	绛	20492		
354	1	10	4	月	20493		
355	1	10	5	卿	20494		
356	1	10	6	鲤	20495		
357	1	10	7	彤	20496		
358	1	10	8	鸢	20497		
359	1	10	9	绊	20498		
360	1	10	10	深	20499		
361	1	10	11	榭	20500		
362	1	10	12	桃	20501		
363	1	10	13	盈	20502		
364	1	10	14	焰	20503		
365	1	10	15	鞠	20504		
366	1	10	16	蝽	20505		
367	1	10	17	秣	20506		
368	1	10	18	淮	20507		
369	1	10	19	绮	20508		
370	1	10	20	念	20509		
371	1	11	0	默认	19790		
372	1	11	1	莹砂	19934		
373	1	11	2	莹砂・半	19935		
374	1	11	3	凝心	19936		
375	1	11	4	凝心・半	19937		
376	1	11	5	烁晶	19938		
377	1	11	6	烁晶・半	19939		
378	1	11	7	落雪	19940		
379	1	11	8	落雪・半	19941		
380	1	11	9	星芒	19942		
381	1	11	10	星芒・半	19943		
382	1	11	11	月辰	19944		
383	1	11	12	月辰・半	19945		
384	1	11	13	惜春	19946		
385	1	11	14	惜春・半	19947		
386	1	12	0	默认	19790		
387	1	12	1	彷	20542		
388	1	12	2	景	20543		
389	1	12	3	幻	20544		
390	1	12	4	朱	20545		
391	1	12	5	赐	20546		
392	1	12	6	霖	20547		
393	1	12	7	玄	20548		
394	1	12	8	绔	20549		
395	1	12	9	晓	20550		
396	1	12	10	砂	20551		
397	1	12	11	虞	20552		
398	1	12	12	心	20553		
399	1	12	13	飒	20554		
400	1	12	14	缤	20555		
401	1	12	15	闻	20556		
402	1	12	16	惑	20557		
403	1	12	17	丝	20558		
404	1	12	18	嶂	20559		
405	1	12	19	魍	20560		
406	1	12	20	寐	20561		
407	1	13	0	默认	19790		
408	1	13	1	皓	20528		
409	1	13	2	昼	20529		
410	1	13	3	晗	20530		
411	1	13	4	曦	20531		
412	1	13	5	曜	20532		
413	1	13	6	旭	20533		
414	1	13	7	晟	20534		
415	1	13	8	辉	20535		
416	1	13	9	煜	20536		
417	1	13	10	炫	20537		
418	1	13	11	娑	20538		
419	1	13	12	皎	20539		
420	1	13	13	白	20540		
421	1	13	14	熠	20541		
422	1	14	1	默认	20580	197;114;109;255	
423	1	14	2	泛舟	20580	197;114;109;255	
424	1	14	3	情笺	20581	197;114;109;255	
425	1	14	4	青梅	20582	197;114;109;255	
426	1	14	5	行露	20583	197;114;109;255	
427	1	14	6	霞晚	20584	197;114;109;255	
428	1	14	7	尘尽	20585	197;114;109;255	
429	1	14	8	多愁	20586	197;114;109;255	
430	1	14	9	婆娑	20587	197;114;109;255	
431	1	14	10	疏狂	20588	197;114;109;255	
432	1	14	11	紫烟	20589	197;114;109;255	
433	1	14	12	萤火	20590	197;114;109;255	
434	1	14	13	燕归	20591	197;114;109;255	
435	1	14	14	别情	20592	197;114;109;255	
436	1	14	15	幽阑	20593	197;114;109;255	
437	1	14	16	怀远	20594	197;114;109;255	
438	1	14	17	煮茗	20595	197;114;109;255	
439	1	14	18	殊途	20596	197;114;109;255	
440	1	15	0	默认	21337		
441	1	15	1	清秋・底	20671		
442	1	15	2	珠玉・底	20672		
443	1	15	3	暗香・底	20673		
444	1	15	4	脂扣・底	20674		
445	1	15	5	寄情・底	20675		
446	1	15	6	嫣染・底	20676		
447	1	15	7	子衿・底	20677		
448	1	15	8	鹿鸣・底	20678		
449	1	15	9	潋滟・底	20679		
450	1	15	10	韶光・底	20680		
451	1	16	0	默认	21337		
452	1	16	1	清秋・叠	20697		
453	1	16	2	珠玉・叠	20698		
454	1	16	3	暗香・叠	20699		
455	1	16	4	脂扣・叠	20700		
456	1	16	5	寄情・叠	20701		
457	1	16	6	嫣染・叠	20702		
458	1	16	7	子衿・叠	20703		
459	1	16	8	鹿鸣・叠	20704		
460	1	16	9	潋滟・叠	20705		
461	1	16	10	韶光・叠	20706		
462	1	17	0	默认	21337		
463	1	17	1	清秋・晕	20723		
464	1	17	2	珠玉・晕	20724		
465	1	17	3	暗香・晕	20725		
466	1	17	4	脂扣・晕	20726		
467	1	17	5	寄情・晕	20727		
468	1	17	6	嫣染・晕	20728		
469	1	17	7	子衿・晕	20729		
470	1	17	8	鹿鸣・晕	20730		
471	1	17	9	潋滟・晕	20731		
472	1	17	10	韶光・晕	20732		
473	1	18	0	默认	21337		
474	1	18	1	鹊桥	20749		
475	1	18	2	重楼	20750		
476	1	18	3	飞流	20751		
477	1	18	4	涟光	20752		
478	1	18	5	不移	20753		
479	1	18	6	云州	20754		
480	1	18	7	小憩	20755		
481	1	18	8	回首	20756		
482	1	18	9	清风	20757		
483	1	18	10	惊鸿	20758		
484	1	19	0	默认	19790		
485	1	19	1	六围	19948		
486	1	19	2	情缠	19949		
487	1	19	3	覆雪	19950		
488	1	19	4	星罗	19951		
489	1	19	5	夜辰	19952		
490	1	19	6	碎叶	19953		
491	1	19	7	蝶变	19954		
492	1	20	0	默认	19790		
493	1	20	1	六围	19948		
494	1	20	2	情缠	19949		
495	1	20	3	覆雪	19950		
496	1	20	4	星罗	19951		
497	1	20	5	夜辰	19952		
498	1	20	6	碎叶	19953		
499	1	20	7	蝶变	19954		
500	1	21	0	默认	19790		
501	1	21	1	六围	19948		
502	1	21	2	情缠	19949		
503	1	21	3	覆雪	19950		
504	1	21	4	星罗	19951		
505	1	21	5	夜辰	19952		
506	1	21	6	碎叶	19953		
507	1	21	7	蝶变	19954		
508	1	22	0	默认	19790		
509	1	22	1	六围	19948		
510	1	22	2	情缠	19949		
511	1	22	3	覆雪	19950		
512	1	22	4	星罗	19951		
513	1	22	5	夜辰	19952		
514	1	22	6	碎叶	19953		
515	1	22	7	蝶变	19954		
516	1	23	0	默认	19793		
517	1	23	1	玉门・短	19793		
518	1	23	2	玉门・长	19792		
519	1	23	3	丛云・短	19795		
520	1	23	4	丛云・长	19794		
521	1	23	5	暗雪・短	19797		
522	1	23	6	暗雪・长	19796		
523	1	23	7	缥缈・短	19799		
524	1	23	8	缥缈・长	19798		
525	1	23	9	山色・短	19801		
526	1	23	10	山色・长	19800		
527	1	23	11	秋池・短	19803		
528	1	23	12	秋池・长	19802		
529	1	24	0	默认	20003		
530	1	24	1	镜	20003		
531	1	24	2	影	20004		
532	1	24	3	夕	20005		
533	1	24	4	溟	20006		
534	1	24	5	暮	20007		
535	1	24	6	霭	20008		
536	1	24	7	白	20009		
537	1	24	8		20010		
538	1	24	9	灵	20011		
539	1	25	0	默认	20003		
540	1	25	1	镜	20003		
541	1	25	2	影	20004		
542	1	25	3	夕	20005		
543	1	25	4	溟	20006		
544	1	25	5	暮	20007		
545	1	25	6	霭	20008		
546	1	25	7	白	20009		
547	1	25	8		20010		
548	1	25	9	灵	20011		
549	1	26	0	默认	20947		
550	1	26	1	云霞	19992	220;181;164;255	
551	1	26	2	云庭	19993	220;181;164;255	
552	1	26	3	云簇	19994	220;181;164;255	
553	1	26	4	云涟	19995	220;181;164;255	
554	1	26	5	云轻	19996	220;181;164;255	
555	1	26	6	云舫	19997	220;181;164;255	
556	1	26	7	云舒	19998	220;181;164;255	
557	1	26	8	云景	19999	220;181;164;255	
558	1	27	0	默认	20959		
559	1	27	1	关雎	20960		
560	1	27	2	采萍	20961		
561	1	27	3	桃夭	20962		
562	1	27	4	式微	20963		
563	1	27	5	桑中	20964		
564	1	27	6	有狐	20965		
565	1	27	7	晨风	20966		
566	1	27	8	蒹葭	20967		
567	1	27	9	小山	20968		
568	1	27	10	玉藻	20969		
569	1	27	11	白华	20970		
570	1	27	12	简夕	20971		
571	1	27	13	伐檀	20972		
572	1	27	14	无衣	20973		
573	1	27	15	杜若	20974		
574	1	27	16	芳草	20975		
575	1	28	1	默认	20602	255;255;255;255	
576	1	28	2	停云	20602		
577	1	28	3	流风	20603		
578	1	28	4	小楼	20604		
579	1	28	5	暮霭	20605		
580	1	28	6	清欢	20606		
581	1	28	7	迷途	20607		
582	1	28	8	叠峦	20608		
583	1	28	9	曲径	20609		
584	1	28	10	流年	20610		
585	1	28	11	对影	20611		
586	1	28	12	风月	20612		
587	1	28	13	孤云	20613		
588	1	28	14	濯止	20614		
589	1	28	15	霁清	20615		
590	1	28	16	薄雾	20616		
591	1	28	17	落渊	20617		
592	1	28	18	出尘	20618		
593	1	28	19	秭归	20619		
594	1	28	20	淡墨	20620		
595	1	28	21	临风	20621		
596	2	0	1	默认	19668	216;188;179;255	
597	2	0	2	月华	19669	216;188;179;255	
598	2	0	3	凝脂	19670	216;188;179;255	
599	2	0	4	芙蓉	19671	216;188;179;255	
600	2	0	5	琉璃	19672	216;188;179;255	
601	2	1	1	默认	19673	134;116;109;255	
602	2	1	2	静秋	19673	134;116;109;255	
603	2	1	3	云雁	19674	67;43;53;255	
604	2	1	4	暮鸦	19675	174;163;166;255	
605	2	1	5	清辉	19676	178;184;178;255	
606	2	1	6	金瑶	19677	90;39;17;255	
607	2	1	7	霜枝	19678	161;162;160;255	
608	2	1	8	琴音	19679	150;108;70;255	
609	2	1	9	松影	19680	161;162;160;255	
610	2	1	10	梦幽	19681	155;148;151;255	
611	2	1	11	清波	19682	112;110;106;255	
612	2	1	12	天翠	19683	112;110;106;255	
613	2	1	13	水月	19684	112;110;106;255	
614	2	1	14	雁影	19685	95;87;83;255	
615	2	1	15	琥珀	19686	150;108;70;255	
616	2	1	16	猫瞳	19687	150;108;70;255	
617	2	1	17	瑶池	19688	23;134;159;255	
618	2	1	18	晚光	19689	148;71;87;255	
619	2	1	19	花影	19690	173;116;173;255	
620	2	1	20	云舟	19691	166;161;144;255	
621	2	1	21	星璧	19692	46;156;156;255	
622	2	1	22	静泊	19693	101;173;178;255	
623	2	1	23	风吟	19694	94;115;81;255	
624	2	1	24	碧波	19695	77;134;124;255	
625	2	1	25	霞光	19696	67;12;41;255	
626	2	1	26	心语	19697	139;108;141;255	
627	2	2	1	默认	19673	134;116;109;255	
628	2	2	2	静秋	19673	134;116;109;255	
629	2	2	3	云雁	19674	67;43;53;255	
630	2	2	4	暮鸦	19675	174;163;166;255	
631	2	2	5	清辉	19676	178;184;178;255	
632	2	2	6	金瑶	19677	90;39;17;255	
633	2	2	7	霜枝	19678	161;162;160;255	
634	2	2	8	琴音	19679	150;108;70;255	
635	2	2	9	松影	19680	161;162;160;255	
636	2	2	10	梦幽	19681	155;148;151;255	
637	2	2	11	清波	19682	112;110;106;255	
638	2	2	12	天翠	19683	112;110;106;255	
639	2	2	13	水月	19684	112;110;106;255	
640	2	2	14	雁影	19685	95;87;83;255	
641	2	2	15	琥珀	19686	150;108;70;255	
642	2	2	16	猫瞳	19687	150;108;70;255	
643	2	2	17	瑶池	19688	23;134;159;255	
644	2	2	18	晚光	19689	148;71;87;255	
645	2	2	19	花影	19690	173;116;173;255	
646	2	2	20	云舟	19691	166;161;144;255	
647	2	2	21	星璧	19692	46;156;156;255	
648	2	2	22	静泊	19693	101;173;178;255	
649	2	2	23	风吟	19694	94;115;81;255	
650	2	2	24	碧波	19695	77;134;124;255	
651	2	2	25	霞光	19696	67;12;41;255	
652	2	2	26	心语	19697	139;108;141;255	
653	2	3	1	默认	19704	140;100;88;255	
654	2	3	2	见青山	19704	140;100;88;255	
655	2	3	3	断桥远	19705	140;100;88;255	
656	2	3	4	小怜云	19706	140;100;88;255	
657	2	3	5	展锋芒	19707	140;100;88;255	
658	2	3	6	卷云舒	19708	140;100;88;255	
659	2	3	7	枉凝眉	19709	140;100;88;255	
660	2	3	8	远山黛	19710	140;100;88;255	
661	2	3	9	点芙蓉	19711	140;100;88;255	
662	2	3	10	冲云亭	19712	140;100;88;255	
663	2	3	11	螓蛾首	19713	140;100;88;255	
664	2	3	12	露华浓	19714	140;100;88;255	
665	2	3	13	鹤衔梅	19715	140;100;88;255	
666	2	3	14	玉钗横	19716	140;100;88;255	
667	2	3	15	独怅惘	19717	140;100;88;255	
668	2	3	16	玉箫吟	19718	140;100;88;255	
669	2	3	17	半梦娇	19719	140;100;88;255	
670	2	3	18	春庭雪	19720	140;100;88;255	
671	2	3	19	飒沓歌	19721	140;100;88;255	
672	2	3	20	风吹雪	19722	140;100;88;255	
673	2	3	21	念离愁	19723	140;100;88;255	
674	2	3	22	浮光远	19724	140;100;88;255	
675	2	3	23	意迟迟	19725	140;100;88;255	
676	2	3	24	留春令	19726	140;100;88;255	
677	2	3	25	梦秦娥	19727	140;100;88;255	
678	2	3	26	柳梢头	19728	140;100;88;255	
679	2	3	27	秋意浓	19729	140;100;88;255	
680	2	3	28	怒黄郎	19730	140;100;88;255	
681	2	3	29	思情鸢	19731	140;100;88;255	
682	2	3	30	玉阑干	19732	140;100;88;255	
683	2	3	31	一剪梅	19733	140;100;88;255	
684	2	3	32	解语花	19734	140;100;88;255	
685	2	3	33	清平调	19735	140;100;88;255	
686	2	3	34	颜如玉	19736	140;100;88;255	
687	2	3	35	画楼东	19737	140;100;88;255	
688	2	3	36	云山绕	19738	140;100;88;255	
689	2	3	37	钗头凤	19739	140;100;88;255	
690	2	3	38	雾中寻	19740	140;100;88;255	
691	2	3	39	迷仙引	19741	140;100;88;255	
692	2	3	40	竹马来	19742	140;100;88;255	
693	2	4	0	默认	19790		
694	2	4	1	红笺	19975	230;157;152;255	
695	2	4	2	红霞	19976	230;157;152;255	
696	2	4	3	红炉	19977	230;157;152;255	
697	2	4	4	红豆	19978	230;157;152;255	
698	2	4	5	红枫	19979	230;157;152;255	
699	2	4	6	红粟	19980	230;157;152;255	
700	2	4	7	红荔	19981	230;157;152;255	
701	2	4	8	红尘	19982	230;157;152;255	
702	2	4	9	红怜	19983	230;157;152;255	
703	2	4	10	红云	19984	230;157;152;255	
704	2	4	11	红D	19985	230;157;152;255	
705	2	4	12	红苕	19986	230;157;152;255	
706	2	4	13	红酥	19987	230;157;152;255	
707	2	4	14	红萤	19988	230;157;152;255	
708	2	4	15	红烛	19989	230;157;152;255	
709	2	4	16	红蓼	19990	230;157;152;255	
710	2	4	17	红萼	19991	230;157;152;255	
711	2	5	0	默认	19790		
712	2	6	0	默认	20958		
713	2	6	1	清铃・上	19955		
714	2	6	2	清铃・下	19956		
715	2	6	3	点眸・上	19957		
716	2	6	4	点眸・下	19958		
717	2	6	5	秋水・上	19959		
718	2	6	6	秋水・下	19960		
719	2	6	7	横波・上	19961		
720	2	6	8	横波・下	19962		
721	2	6	9	春水・上	19963		
722	2	6	10	春水・下	19964		
723	2	6	11	凝睇・上	19965		
724	2	6	12	凝睇・下	19966		
725	2	6	13	点漆・上	19967		
726	2	6	14	点漆・下	19968		
727	2	6	15	星眸・上	19969		
728	2	6	16	星眸・下	19970		
729	2	6	17	浮萍・上	19971		
730	2	6	18	浮萍・下	19972		
731	2	6	19	星河・上	19973		
732	2	6	20	星河・下	19974		
733	2	6	21	无	19673		
734	2	7	0	默认	19790		
735	2	7	1	霜狸	19925		
736	2	7	2	雪啸	19926		
737	2	7	3	焰莲	19911		
738	2	7	4	明昭	19912		
739	2	7	5	翩跹	19913		
740	2	7	6	嫣然	19892		
741	2	7	7	华幽	19893		
742	2	7	8	念念	19894		
743	2	7	9	落滟	19895		
744	2	7	10	翩芳	19896		
745	2	7	11	潋岚	19897		
746	2	7	12	雪意	19883		
747	2	7	13	有狐	19881		
748	2	7	14	斑斑	19882		
749	2	7	15	连星	19887		
750	2	7	16	菱花	19885		
751	2	7	17	鳞蛟	19877		
752	2	7	18	浴血	19862		
753	2	7	19	纤云	19878		
754	2	7	20	恋心	19876		
755	2	7	21	樱D	19875		
756	2	7	22	雀斑	19861		
757	2	7	23	流金	19872		
758	2	7	24	惊昙	19873		
759	2	7	25	泪痣	19874		
760	2	7	26	魅星	19867		
761	2	7	27	妖星	19868		
762	2	7	28	逢虎	19869		
763	2	7	29	魂迷夜	19871		
764	2	7	30	曼殊沙华	19863		
765	2	7	31	夕燕	19864		
766	2	7	32	灿金	19865		
767	2	7	33	灵祈	19879		
768	2	7	34	崩天	19914		
769	2	7	35	狸瘴	19915		
770	2	7	36	珠玉	19916		
771	2	7	37	星月	19919		
772	2	7	38	烁金	19920		
773	2	7	39	金箍	19923		
774	2	7	40	情劫	19900		
775	2	7	41	冲冠	19902		
776	2	7	42	银鳞见日	19904		
777	2	7	43	菩萨蛮	19907		
778	2	7	44	芳菲尽	19898		
779	2	7	45	香如故・左	19880		
780	2	7	46	香如故・右	19880		
781	2	7	47	银杏・左	19884		
782	2	7	48	银杏・右	19884		
783	2	7	49	翠叶・左	19886		
784	2	7	50	翠叶・右	19886		
785	2	7	51	攀眉・左	19888		
786	2	7	52	攀眉・右	19888		
787	2	7	53	汐朝・左	19891		
788	2	7	54	汐朝・右	19891		
789	2	7	55	回浪汐朝	19891		
790	2	7	56	烟丹・左	19889		
791	2	7	57	烟丹・右	19889		
792	2	7	58	朱凤烟丹	19889		
793	2	7	59	摇红・左	19890		
794	2	7	60	摇红・右	19890		
795	2	7	61	烛影摇红	19890		
796	2	7	62	龙霆・左	19899		
797	2	7	63	龙霆・右	19899		
798	2	7	64	离火・左	19901		
799	2	7	65	离火・右	19901		
800	2	7	66	离火・双	19901		
801	2	7	67	金云・左	19903		
802	2	7	68	金云・右	19903		
803	2	7	69	金云・双	19903		
804	2	8	0	默认	19790		
805	2	8	1	霜狸	19925		
806	2	8	2	雪啸	19926		
807	2	8	3	焰莲	19911		
808	2	8	4	明昭	19912		
809	2	8	5	翩跹	19913		
810	2	8	6	嫣然	19892		
811	2	8	7	华幽	19893		
812	2	8	8	念念	19894		
813	2	8	9	落滟	19895		
814	2	8	10	翩芳	19896		
815	2	8	11	潋岚	19897		
816	2	8	12	雪意	19883		
817	2	8	13	有狐	19881		
818	2	8	14	斑斑	19882		
819	2	8	15	连星	19887		
820	2	8	16	菱花	19885		
821	2	8	17	鳞蛟	19877		
822	2	8	18	浴血	19862		
823	2	8	19	纤云	19878		
824	2	8	20	恋心	19876		
825	2	8	21	樱D	19875		
826	2	8	22	雀斑	19861		
827	2	8	23	流金	19872		
828	2	8	24	惊昙	19873		
829	2	8	25	泪痣	19874		
830	2	8	26	魅星	19867		
831	2	8	27	妖星	19868		
832	2	8	28	逢虎	19869		
833	2	8	29	魂迷夜	19871		
834	2	8	30	曼殊沙华	19863		
835	2	8	31	夕燕	19864		
836	2	8	32	灿金	19865		
837	2	8	33	灵祈	19879		
838	2	8	34	崩天	19914		
839	2	8	35	狸瘴	19915		
840	2	8	36	珠玉	19916		
841	2	8	37	星月	19919		
842	2	8	38	烁金	19920		
843	2	8	39	金箍	19923		
844	2	8	40	情劫	19900		
845	2	8	41	冲冠	19902		
846	2	8	42	银鳞见日	19904		
847	2	8	43	菩萨蛮	19907		
848	2	8	44	芳菲尽	19898		
849	2	8	45	香如故・左	19896		
850	2	8	46	香如故・右	19896		
851	2	8	47	银杏・左	19884		
852	2	8	48	银杏・右	19884		
853	2	8	49	翠叶・左	19886		
854	2	8	50	翠叶・右	19886		
855	2	8	51	攀眉・左	19888		
856	2	8	52	攀眉・右	19888		
857	2	8	53	汐朝・左	19891		
858	2	8	54	汐朝・右	19891		
859	2	8	55	回浪汐朝	19891		
860	2	8	56	烟丹・左	19889		
861	2	8	57	烟丹・右	19889		
862	2	8	58	朱凤烟丹	19889		
863	2	8	59	摇红・左	19890		
864	2	8	60	摇红・右	19890		
865	2	8	61	烛影摇红	19890		
866	2	8	62	龙霆・左	19899		
867	2	8	63	龙霆・右	19899		
868	2	8	64	离火・左	19901		
869	2	8	65	离火・右	19901		
870	2	8	66	离火・双	19901		
871	2	8	67	金云・左	19903		
872	2	8	68	金云・右	19903		
873	2	8	69	金云・双	19903		
874	2	9	0	默认	19790		
875	2	9	1	霜狸	19925		
876	2	9	2	雪啸	19926		
877	2	9	3	焰莲	19911		
878	2	9	4	明昭	19912		
879	2	9	5	翩跹	19913		
880	2	9	6	嫣然	19892		
881	2	9	7	华幽	19893		
882	2	9	8	念念	19894		
883	2	9	9	落滟	19895		
884	2	9	10	翩芳	19896		
885	2	9	11	潋岚	19897		
886	2	9	12	雪意	19883		
887	2	9	13	有狐	19881		
888	2	9	14	斑斑	19882		
889	2	9	15	连星	19887		
890	2	9	16	菱花	19885		
891	2	9	17	鳞蛟	19877		
892	2	9	18	浴血	19862		
893	2	9	19	纤云	19878		
894	2	9	20	恋心	19876		
895	2	9	21	樱D	19875		
896	2	9	22	雀斑	19861		
897	2	9	23	流金	19872		
898	2	9	24	惊昙	19873		
899	2	9	25	泪痣	19874		
900	2	9	26	魅星	19867		
901	2	9	27	妖星	19868		
902	2	9	28	逢虎	19869		
903	2	9	29	魂迷夜	19871		
904	2	9	30	曼殊沙华	19863		
905	2	9	31	夕燕	19864		
906	2	9	32	灿金	19865		
907	2	9	33	灵祈	19879		
908	2	9	34	崩天	19914		
909	2	9	35	狸瘴	19915		
910	2	9	36	珠玉	19916		
911	2	9	37	星月	19919		
912	2	9	38	烁金	19920		
913	2	9	39	金箍	19923		
914	2	9	40	情劫	19900		
915	2	9	41	冲冠	19902		
916	2	9	42	银鳞见日	19904		
917	2	9	43	菩萨蛮	19907		
918	2	9	44	芳菲尽	19898		
919	2	9	45	香如故・左	19896		
920	2	9	46	香如故・右	19896		
921	2	9	47	银杏・左	19884		
922	2	9	48	银杏・右	19884		
923	2	9	49	翠叶・左	19886		
924	2	9	50	翠叶・右	19886		
925	2	9	51	攀眉・左	19888		
926	2	9	52	攀眉・右	19888		
927	2	9	53	汐朝・左	19891		
928	2	9	54	汐朝・右	19891		
929	2	9	55	回浪汐朝	19891		
930	2	9	56	烟丹・左	19889		
931	2	9	57	烟丹・右	19889		
932	2	9	58	朱凤烟丹	19889		
933	2	9	59	摇红・左	19890		
934	2	9	60	摇红・右	19890		
935	2	9	61	烛影摇红	19890		
936	2	9	62	龙霆・左	19899		
937	2	9	63	龙霆・右	19899		
938	2	9	64	离火・左	19901		
939	2	9	65	离火・右	19901		
940	2	9	66	离火・双	19901		
941	2	9	67	金云・左	19903		
942	2	9	68	金云・右	19903		
943	2	9	69	金云・双	19903		
944	2	10	0	默认	19790		
945	2	10	1	烬	20452		
946	2	10	2	汐	20453		
947	2	10	3	绛	20454		
948	2	10	4	月	20455		
949	2	10	5	卿	20456		
950	2	10	6	鲤	20457		
951	2	10	7	彤	20458		
952	2	10	8	鸢	20459		
953	2	10	9	绊	20460		
954	2	10	10	深	20461		
955	2	10	11	榭	20462		
956	2	10	12	桃	20463		
957	2	10	13	盈	20464		
958	2	10	14	焰	20465		
959	2	10	15	鞠	20466		
960	2	10	16	蝽	20467		
961	2	10	17	秣	20468		
962	2	10	18	淮	20469		
963	2	10	19	绮	20470		
964	2	10	20	念	20471		
965	2	11	0	默认	19790		
966	2	11	1	莹砂	19934		
967	2	11	2	莹砂・半	19935		
968	2	11	3	凝心	19936		
969	2	11	4	凝心・半	19937		
970	2	11	5	烁晶	19938		
971	2	11	6	烁晶・半	19939		
972	2	11	7	落雪	19940		
973	2	11	8	落雪・半	19941		
974	2	11	9	星芒	19942		
975	2	11	10	星芒・半	19943		
976	2	11	11	月辰	19944		
977	2	11	12	月辰・半	19945		
978	2	11	13	惜春	19946		
979	2	11	14	惜春・半	19947		
980	2	12	0	默认	19790		
981	2	12	1	彷	20375		
982	2	12	2	景	20376		
983	2	12	3	幻	20377		
984	2	12	4	朱	20378		
985	2	12	5	赐	20379		
986	2	12	6	霖	20380		
987	2	12	7	玄	20381		
988	2	12	8	绔	20382		
989	2	12	9	晓	20383		
990	2	12	10	砂	20384		
991	2	12	11	虞	20385		
992	2	12	12	心	20386		
993	2	12	13	飒	20387		
994	2	12	14	缤	20388		
995	2	12	15	闻	20389		
996	2	12	16	惑	20390		
997	2	12	17	丝	20391		
998	2	12	18	嶂	20392		
999	2	12	19	魍	20393		
1000	2	12	20	寐	20394		
1001	2	13	0	默认	19790		
1002	2	13	1	皓	19814		
1003	2	13	2	昼	19815		
1004	2	13	3	晗	19816		
1005	2	13	4	曦	19817		
1006	2	13	5	曜	19818		
1007	2	13	6	旭	19819		
1008	2	13	7	晟	19820		
1009	2	13	8	辉	19821		
1010	2	13	9	煜	19822		
1011	2	13	10	炫	19823		
1012	2	13	11	娑	19824		
1013	2	13	12	皎	19825		
1014	2	13	13	白	19826		
1015	2	13	14	熠	19827		
1016	2	14	1	默认	19776	197;114;109;255	
1017	2	14	2	泛舟	19776	197;114;109;255	
1018	2	14	3	情笺	19777	197;114;109;255	
1019	2	14	4	青梅	19778	197;114;109;255	
1020	2	14	5	行露	19779	197;114;109;255	
1021	2	14	6	霞晚	19780	197;114;109;255	
1022	2	14	7	尘尽	19781	197;114;109;255	
1023	2	14	8	多愁	19782	197;114;109;255	
1024	2	14	9	婆娑	19783	197;114;109;255	
1025	2	14	10	疏狂	19784	197;114;109;255	
1026	2	14	11	紫烟	19785	197;114;109;255	
1027	2	14	12	萤火	19786	197;114;109;255	
1028	2	14	13	燕归	19787	197;114;109;255	
1029	2	14	14	别情	19788	197;114;109;255	
1030	2	14	15	幽阑	19789	197;114;109;255	
1031	2	15	0	默认	21337		
1032	2	15	1	清秋・底	20671		
1033	2	15	2	珠玉・底	20672		
1034	2	15	3	暗香・底	20673		
1035	2	15	4	脂扣・底	20674		
1036	2	15	5	寄情・底	20675		
1037	2	15	6	嫣染・底	20676		
1038	2	15	7	子衿・底	20677		
1039	2	15	8	鹿鸣・底	20678		
1040	2	15	9	潋滟・底	20679		
1041	2	15	10	韶光・底	20680		
1042	2	16	0	默认	21337		
1043	2	16	1	清秋・叠	20697		
1044	2	16	2	珠玉・叠	20698		
1045	2	16	3	暗香・叠	20699		
1046	2	16	4	脂扣・叠	20700		
1047	2	16	5	寄情・叠	20701		
1048	2	16	6	嫣染・叠	20702		
1049	2	16	7	子衿・叠	20703		
1050	2	16	8	鹿鸣・叠	20704		
1051	2	16	9	潋滟・叠	20705		
1052	2	16	10	韶光・叠	20706		
1053	2	17	0	默认	21337		
1054	2	17	1	清秋・晕	20723		
1055	2	17	2	珠玉・晕	20724		
1056	2	17	3	暗香・晕	20725		
1057	2	17	4	脂扣・晕	20726		
1058	2	17	5	寄情・晕	20727		
1059	2	17	6	嫣染・晕	20728		
1060	2	17	7	子衿・晕	20729		
1061	2	17	8	鹿鸣・晕	20730		
1062	2	17	9	潋滟・晕	20731		
1063	2	17	10	韶光・晕	20732		
1064	2	18	0	默认	21337		
1065	2	18	1	鹊桥	20749		
1066	2	18	2	重楼	20750		
1067	2	18	3	飞流	20751		
1068	2	18	4	涟光	20752		
1069	2	18	5	不移	20753		
1070	2	18	6	云州	20754		
1071	2	18	7	小憩	20755		
1072	2	18	8	回首	20756		
1073	2	18	9	清风	20757		
1074	2	18	10	惊鸿	20758		
1075	2	19	0	默认	19790		
1076	2	19	1	六围	19948		
1077	2	19	2	情缠	19949		
1078	2	19	3	覆雪	19950		
1079	2	19	4	星罗	19951		
1080	2	19	5	夜辰	19952		
1081	2	19	6	碎叶	19953		
1082	2	19	7	蝶变	19954		
1083	2	20	0	默认	19790		
1084	2	20	1	六围	19948		
1085	2	20	2	情缠	19949		
1086	2	20	3	覆雪	19950		
1087	2	20	4	星罗	19951		
1088	2	20	5	夜辰	19952		
1089	2	20	6	碎叶	19953		
1090	2	20	7	蝶变	19954		
1091	2	21	0	默认	19790		
1092	2	21	1	六围	19948		
1093	2	21	2	情缠	19949		
1094	2	21	3	覆雪	19950		
1095	2	21	4	星罗	19951		
1096	2	21	5	夜辰	19952		
1097	2	21	6	碎叶	19953		
1098	2	21	7	蝶变	19954		
1099	2	22	0	默认	19790		
1100	2	22	1	六围	19948		
1101	2	22	2	情缠	19949		
1102	2	22	3	覆雪	19950		
1103	2	22	4	星罗	19951		
1104	2	22	5	夜辰	19952		
1105	2	22	6	碎叶	19953		
1106	2	22	7	蝶变	19954		
1107	2	23	0	默认	19792		
1108	2	23	1	玉门・长	19792		
1109	2	23	2	玉门・短	19793		
1110	2	23	3	丛云・长	19794		
1111	2	23	4	丛云・短	19795		
1112	2	23	5	暗雪・长	19796		
1113	2	23	6	暗雪・短	19797		
1114	2	23	7	缥缈・长	19798		
1115	2	23	8	缥缈・短	19799		
1116	2	23	9	山色・长	19800		
1117	2	23	10	山色・短	19801		
1118	2	23	11	秋池・长	19802		
1119	2	23	12	秋池・短	19803		
1120	2	24	0	默认	20003		
1121	2	24	1	镜	20003		
1122	2	24	2	影	20004		
1123	2	24	3	夕	20005		
1124	2	24	4	溟	20006		
1125	2	24	5	暮	20007		
1126	2	24	6	霭	20008		
1127	2	24	7	白	20009		
1128	2	24	8		20010		
1129	2	24	9	灵	20011		
1130	2	25	0	默认	20003		
1131	2	25	1	镜	20003		
1132	2	25	2	影	20004		
1133	2	25	3	夕	20005		
1134	2	25	4	溟	20006		
1135	2	25	5	暮	20007		
1136	2	25	6	霭	20008		
1137	2	25	7	白	20009		
1138	2	25	8		20010		
1139	2	25	9	灵	20011		
1140	2	26	0	默认	20947		
1141	2	26	1	云霞	19992	220;181;164;255	
1142	2	26	2	云庭	19993	220;181;164;255	
1143	2	26	3	云簇	19994	220;181;164;255	
1144	2	26	4	云涟	19995	220;181;164;255	
1145	2	26	5	云轻	19996	220;181;164;255	
1146	2	26	6	云舫	19997	220;181;164;255	
1147	2	26	7	云舒	19998	220;181;164;255	
1148	2	26	8	云景	19999	220;181;164;255	
1149	2	26	9	云淡	20000	220;181;164;255	
1150	2	27	0	默认	20994		
1151	2	27	1	关雎	20995		
1152	2	27	2	采萍	20996		
1153	2	27	3	桃夭	20997		
1154	2	27	4	式微	20998		
1155	2	27	5	桑中	20999		
1156	2	27	6	有狐	21000		
1157	2	27	7	晨风	21001		
1158	2	27	8	蒹葭	21002		
1159	2	27	9	小山	21003		
1160	2	27	10	玉藻	21004		
1161	2	27	11	白华	21005		
1162	2	27	12	简夕	21006		
1163	2	27	13	伐檀	21007		
1164	2	27	14	无衣	21008		
1165	2	27	15	杜若	21009		
1166	2	27	16	芳草	21010		
1167	2	28	1	默认	20634	255;255;255;255	
1168	2	28	2	停云	20634		
1169	2	28	3	流风	20635		
1170	2	28	4	小楼	20636		
1171	2	28	5	暮霭	20637		
1172	2	28	6	清欢	20638		
1173	2	28	7	迷途	20639		
1174	2	28	8	叠峦	20640		
1175	2	28	9	曲径	20641		
1176	2	28	10	流年	20642		
1177	2	28	11	对影	20643		
1178	2	28	12	风月	20644		
1179	2	28	13	孤云	20645		
1180	2	28	14	濯止	20646		
1181	2	28	15	霁清	20647		
1182	2	28	16	薄雾	20648		
1183	2	28	17	落渊	20649		
1184	2	28	18	出尘	20650		
1185	2	28	19	秭归	20651		
1186	2	28	20	淡墨	20652		
1187	2	28	21	临风	20653		
1188	5	0	1	默认	20948	216;188;179;255	
1189	5	0	2	闻语	20949	216;188;179;255	
1190	5	0	3	争渡	20950	216;188;179;255	
1191	5	0	4	玉琼	20951	216;188;179;255	
1192	5	0	5	关山	20952	216;188;179;255	
1193	5	1	1	默认	19673	134;116;109;255	
1194	5	1	2	静秋	19673	134;116;109;255	
1195	5	1	3	云雁	19674	67;43;53;255	
1196	5	1	4	暮鸦	19675	174;163;166;255	
1197	5	1	5	清辉	19676	178;184;178;255	
1198	5	1	6	金瑶	19677	90;39;17;255	
1199	5	1	7	霜枝	19678	161;162;160;255	
1200	5	1	8	琴音	19679	150;108;70;255	
1201	5	1	9	松影	19680	161;162;160;255	
1202	5	1	10	梦幽	19681	155;148;151;255	
1203	5	1	11	清波	19682	112;110;106;255	
1204	5	1	12	天翠	19683	112;110;106;255	
1205	5	1	13	水月	19684	112;110;106;255	
1206	5	1	14	雁影	19685	95;87;83;255	
1207	5	1	15	琥珀	19686	150;108;70;255	
1208	5	1	16	猫瞳	19687	150;108;70;255	
1209	5	1	17	瑶池	19688	23;134;159;255	
1210	5	1	18	晚光	19689	148;71;87;255	
1211	5	1	19	花影	19690	173;116;173;255	
1212	5	1	20	云舟	19691	166;161;144;255	
1213	5	1	21	星璧	19692	46;156;156;255	
1214	5	1	22	静泊	19693	101;173;178;255	
1215	5	1	23	风吟	19694	94;115;81;255	
1216	5	1	24	碧波	19695	77;134;124;255	
1217	5	1	25	霞光	19696	67;12;41;255	
1218	5	1	26	心语	19697	139;108;141;255	
1219	5	2	1	默认	19673	134;116;109;255	
1220	5	2	2	静秋	19673	134;116;109;255	
1221	5	2	3	云雁	19674	67;43;53;255	
1222	5	2	4	暮鸦	19675	174;163;166;255	
1223	5	2	5	清辉	19676	178;184;178;255	
1224	5	2	6	金瑶	19677	90;39;17;255	
1225	5	2	7	霜枝	19678	161;162;160;255	
1226	5	2	8	琴音	19679	150;108;70;255	
1227	5	2	9	松影	19680	161;162;160;255	
1228	5	2	10	梦幽	19681	155;148;151;255	
1229	5	2	11	清波	19682	112;110;106;255	
1230	5	2	12	天翠	19683	112;110;106;255	
1231	5	2	13	水月	19684	112;110;106;255	
1232	5	2	14	雁影	19685	95;87;83;255	
1233	5	2	15	琥珀	19686	150;108;70;255	
1234	5	2	16	猫瞳	19687	150;108;70;255	
1235	5	2	17	瑶池	19688	23;134;159;255	
1236	5	2	18	晚光	19689	148;71;87;255	
1237	5	2	19	花影	19690	173;116;173;255	
1238	5	2	20	云舟	19691	166;161;144;255	
1239	5	2	21	星璧	19692	46;156;156;255	
1240	5	2	22	静泊	19693	101;173;178;255	
1241	5	2	23	风吟	19694	94;115;81;255	
1242	5	2	24	碧波	19695	77;134;124;255	
1243	5	2	25	霞光	19696	67;12;41;255	
1244	5	2	26	心语	19697	139;108;141;255	
1245	5	3	1	默认	20012	140;100;88;255	
1246	5	3	2	论英雄	20012	140;100;88;255	
1247	5	3	3	枫林晚	20013	140;100;88;255	
1248	5	3	4	菩提心	20014	140;100;88;255	
1249	5	3	5	倦云台	20015	140;100;88;255	
1250	5	3	6	不系舟	20016	140;100;88;255	
1251	5	3	7	浣溪沙	20017	140;100;88;255	
1252	5	3	8	过重关	20018	140;100;88;255	
1253	5	3	9	山月斜	20019	140;100;88;255	
1254	5	3	10	凤凰台	20020	140;100;88;255	
1255	5	3	11	东篱下	20021	140;100;88;255	
1256	5	3	12	醉飞霜	20022	140;100;88;255	
1257	5	3	13	梦阑干	20023	140;100;88;255	
1258	5	3	14	忆秦娥	20024	140;100;88;255	
1259	5	3	15	云中君	20025	140;100;88;255	
1260	5	3	16	意疏狂	20026	140;100;88;255	
1261	5	3	17	浮生梦	20027	140;100;88;255	
1262	5	3	18	鹊南飞	20028	140;100;88;255	
1263	5	3	19	揽星河	20029	140;100;88;255	
1264	5	3	20	我心悠	20030	140;100;88;255	
1265	5	3	21	曲中游	20031	140;100;88;255	
1266	5	3	22	观沧海	20032	140;100;88;255	
1267	5	3	23	将军令	20033	140;100;88;255	
1268	5	3	24	枉凝眉	20034	140;100;88;255	
1269	5	3	25	勾栏醉	20035	140;100;88;255	
1270	5	3	26	长恨歌	20036	140;100;88;255	
1271	5	3	27	执金吾	20037	140;100;88;255	
1272	5	3	28	倚阑干	20038	140;100;88;255	
1273	5	3	29	三千里	20039	140;100;88;255	
1274	5	3	30	仗歌行	20040	140;100;88;255	
1275	5	3	31	落梅笺	20041	140;100;88;255	
1276	5	3	32	踏凌霄	20042	140;100;88;255	
1277	5	3	33	数风流	20043	140;100;88;255	
1278	5	3	34	浪淘沙	20044	140;100;88;255	
1279	5	3	35	气峥嵘	20045	140;100;88;255	
1280	5	3	36	少年行	20046	140;100;88;255	
1281	5	3	37	相见欢	20047	140;100;88;255	
1282	5	3	38	酹江月	20048	140;100;88;255	
1283	5	3	39	碧玉萧	20049	140;100;88;255	
1284	5	3	40	洞庭波	20050	140;100;88;255	
1285	5	4	0	默认	19790		
1286	5	4	1	红笺	19975	230;157;152;255	
1287	5	4	2	红霞	19976	230;157;152;255	
1288	5	4	3	红炉	19977	230;157;152;255	
1289	5	4	4	红豆	19978	230;157;152;255	
1290	5	4	5	红枫	19979	230;157;152;255	
1291	5	4	6	红粟	19980	230;157;152;255	
1292	5	4	7	红荔	19981	230;157;152;255	
1293	5	4	8	红尘	19982	230;157;152;255	
1294	5	4	9	红怜	19983	230;157;152;255	
1295	5	4	10	红云	19984	230;157;152;255	
1296	5	4	11	红D	19985	230;157;152;255	
1297	5	4	12	红苕	19986	230;157;152;255	
1298	5	4	13	红酥	19987	230;157;152;255	
1299	5	4	14	红萤	19988	230;157;152;255	
1300	5	4	15	红烛	19989	230;157;152;255	
1301	5	4	16	红蓼	19990	230;157;152;255	
1302	5	4	17	红萼	19991	230;157;152;255	
1303	5	5	0	默认	19790		
1304	5	6	0	默认	20958		
1305	5	6	1	清铃・上	19955		
1306	5	6	2	清铃・下	19956		
1307	5	6	3	点眸・上	19957		
1308	5	6	4	点眸・下	19958		
1309	5	6	5	秋水・上	19959		
1310	5	6	6	秋水・下	19960		
1311	5	6	7	横波・上	19961		
1312	5	6	8	横波・下	19962		
1313	5	6	9	春水・上	19963		
1314	5	6	10	春水・下	19964		
1315	5	6	11	凝睇・上	19965		
1316	5	6	12	凝睇・下	19966		
1317	5	6	13	点漆・上	19967		
1318	5	6	14	点漆・下	19968		
1319	5	6	15	星眸・上	19969		
1320	5	6	16	星眸・下	19970		
1321	5	6	17	浮萍・上	19971		
1322	5	6	18	浮萍・下	19972		
1323	5	6	19	星河・上	19973		
1324	5	6	20	星河・下	19974		
1325	5	6	21	无	19673		
1326	5	7	0	默认	19790		
1327	5	7	1	霜狸	19925		
1328	5	7	2	雪啸	19926		
1329	5	7	3	焰莲	19911		
1330	5	7	4	明昭	19912		
1331	5	7	5	翩跹	19913		
1332	5	7	6	嫣然	19892		
1333	5	7	7	华幽	19893		
1334	5	7	8	念念	19894		
1335	5	7	9	落滟	19895		
1336	5	7	10	翩芳	19896		
1337	5	7	11	潋岚	19897		
1338	5	7	12	雪意	19883		
1339	5	7	13	有狐	19881		
1340	5	7	14	斑斑	19882		
1341	5	7	15	连星	19887		
1342	5	7	16	菱花	19885		
1343	5	7	17	鳞蛟	19877		
1344	5	7	18	浴血	19862		
1345	5	7	19	纤云	19878		
1346	5	7	20	恋心	19876		
1347	5	7	21	樱D	19875		
1348	5	7	22	雀斑	19861		
1349	5	7	23	流金	19872		
1350	5	7	24	惊昙	19873		
1351	5	7	25	泪痣	19874		
1352	5	7	26	魅星	19867		
1353	5	7	27	妖星	19868		
1354	5	7	28	逢虎	19869		
1355	5	7	29	魂迷夜	19871		
1356	5	7	30	曼殊沙华	19863		
1357	5	7	31	夕燕	19864		
1358	5	7	32	灿金	19865		
1359	5	7	33	灵祈	19879		
1360	5	7	34	崩天	19914		
1361	5	7	35	狸瘴	19915		
1362	5	7	36	珠玉	19916		
1363	5	7	37	星月	19919		
1364	5	7	38	烁金	19920		
1365	5	7	39	金箍	19923		
1366	5	7	40	情劫	19900		
1367	5	7	41	冲冠	19902		
1368	5	7	42	银鳞见日	19904		
1369	5	7	43	菩萨蛮	19907		
1370	5	7	44	芳菲尽	19898		
1371	5	7	45	香如故・左	19896		
1372	5	7	46	香如故・右	19896		
1373	5	7	47	银杏・左	19884		
1374	5	7	48	银杏・右	19884		
1375	5	7	49	翠叶・左	19886		
1376	5	7	50	翠叶・右	19886		
1377	5	7	51	攀眉・左	19888		
1378	5	7	52	攀眉・右	19888		
1379	5	7	53	汐朝・左	19891		
1380	5	7	54	汐朝・右	19891		
1381	5	7	55	回浪汐朝	19891		
1382	5	7	56	烟丹・左	19889		
1383	5	7	57	烟丹・右	19889		
1384	5	7	58	朱凤烟丹	19889		
1385	5	7	59	摇红・左	19890		
1386	5	7	60	摇红・右	19890		
1387	5	7	61	烛影摇红	19890		
1388	5	7	62	龙霆・左	19899		
1389	5	7	63	龙霆・右	19899		
1390	5	7	64	离火・左	19901		
1391	5	7	65	离火・右	19901		
1392	5	7	66	离火・双	19901		
1393	5	7	67	金云・左	19903		
1394	5	7	68	金云・右	19903		
1395	5	7	69	金云・双	19903		
1396	5	8	0	默认	19790		
1397	5	8	1	霜狸	19925		
1398	5	8	2	雪啸	19926		
1399	5	8	3	焰莲	19911		
1400	5	8	4	明昭	19912		
1401	5	8	5	翩跹	19913		
1402	5	8	6	嫣然	19892		
1403	5	8	7	华幽	19893		
1404	5	8	8	念念	19894		
1405	5	8	9	落滟	19895		
1406	5	8	10	翩芳	19896		
1407	5	8	11	潋岚	19897		
1408	5	8	12	雪意	19883		
1409	5	8	13	有狐	19881		
1410	5	8	14	斑斑	19882		
1411	5	8	15	连星	19887		
1412	5	8	16	菱花	19885		
1413	5	8	17	鳞蛟	19877		
1414	5	8	18	浴血	19862		
1415	5	8	19	纤云	19878		
1416	5	8	20	恋心	19876		
1417	5	8	21	樱D	19875		
1418	5	8	22	雀斑	19861		
1419	5	8	23	流金	19872		
1420	5	8	24	惊昙	19873		
1421	5	8	25	泪痣	19874		
1422	5	8	26	魅星	19867		
1423	5	8	27	妖星	19868		
1424	5	8	28	逢虎	19869		
1425	5	8	29	魂迷夜	19871		
1426	5	8	30	曼殊沙华	19863		
1427	5	8	31	夕燕	19864		
1428	5	8	32	灿金	19865		
1429	5	8	33	灵祈	19879		
1430	5	8	34	崩天	19914		
1431	5	8	35	狸瘴	19915		
1432	5	8	36	珠玉	19916		
1433	5	8	37	星月	19919		
1434	5	8	38	烁金	19920		
1435	5	8	39	金箍	19923		
1436	5	8	40	情劫	19900		
1437	5	8	41	冲冠	19902		
1438	5	8	42	银鳞见日	19904		
1439	5	8	43	菩萨蛮	19907		
1440	5	8	44	芳菲尽	19898		
1441	5	8	45	香如故・左	19896		
1442	5	8	46	香如故・右	19896		
1443	5	8	47	银杏・左	19884		
1444	5	8	48	银杏・右	19884		
1445	5	8	49	翠叶・左	19886		
1446	5	8	50	翠叶・右	19886		
1447	5	8	51	攀眉・左	19888		
1448	5	8	52	攀眉・右	19888		
1449	5	8	53	汐朝・左	19891		
1450	5	8	54	汐朝・右	19891		
1451	5	8	55	回浪汐朝	19891		
1452	5	8	56	烟丹・左	19889		
1453	5	8	57	烟丹・右	19889		
1454	5	8	58	朱凤烟丹	19889		
1455	5	8	59	摇红・左	19890		
1456	5	8	60	摇红・右	19890		
1457	5	8	61	烛影摇红	19890		
1458	5	8	62	龙霆・左	19899		
1459	5	8	63	龙霆・右	19899		
1460	5	8	64	离火・左	19901		
1461	5	8	65	离火・右	19901		
1462	5	8	66	离火・双	19901		
1463	5	8	67	金云・左	19903		
1464	5	8	68	金云・右	19903		
1465	5	8	69	金云・双	19903		
1466	5	9	0	默认	19790		
1467	5	9	1	霜狸	19925		
1468	5	9	2	雪啸	19926		
1469	5	9	3	焰莲	19911		
1470	5	9	4	明昭	19912		
1471	5	9	5	翩跹	19913		
1472	5	9	6	嫣然	19892		
1473	5	9	7	华幽	19893		
1474	5	9	8	念念	19894		
1475	5	9	9	落滟	19895		
1476	5	9	10	翩芳	19896		
1477	5	9	11	潋岚	19897		
1478	5	9	12	雪意	19883		
1479	5	9	13	有狐	19881		
1480	5	9	14	斑斑	19882		
1481	5	9	15	连星	19887		
1482	5	9	16	菱花	19885		
1483	5	9	17	鳞蛟	19877		
1484	5	9	18	浴血	19862		
1485	5	9	19	纤云	19878		
1486	5	9	20	恋心	19876		
1487	5	9	21	樱D	19875		
1488	5	9	22	雀斑	19861		
1489	5	9	23	流金	19872		
1490	5	9	24	惊昙	19873		
1491	5	9	25	泪痣	19874		
1492	5	9	26	魅星	19867		
1493	5	9	27	妖星	19868		
1494	5	9	28	逢虎	19869		
1495	5	9	29	魂迷夜	19871		
1496	5	9	30	曼殊沙华	19863		
1497	5	9	31	夕燕	19864		
1498	5	9	32	灿金	19865		
1499	5	9	33	灵祈	19879		
1500	5	9	34	崩天	19914		
1501	5	9	35	狸瘴	19915		
1502	5	9	36	珠玉	19916		
1503	5	9	37	星月	19919		
1504	5	9	38	烁金	19920		
1505	5	9	39	金箍	19923		
1506	5	9	40	情劫	19900		
1507	5	9	41	冲冠	19902		
1508	5	9	42	银鳞见日	19904		
1509	5	9	43	菩萨蛮	19907		
1510	5	9	44	芳菲尽	19898		
1511	5	9	45	香如故・左	19896		
1512	5	9	46	香如故・右	19896		
1513	5	9	47	银杏・左	19884		
1514	5	9	48	银杏・右	19884		
1515	5	9	49	翠叶・左	19886		
1516	5	9	50	翠叶・右	19886		
1517	5	9	51	攀眉・左	19888		
1518	5	9	52	攀眉・右	19888		
1519	5	9	53	汐朝・左	19891		
1520	5	9	54	汐朝・右	19891		
1521	5	9	55	回浪汐朝	19891		
1522	5	9	56	烟丹・左	19889		
1523	5	9	57	烟丹・右	19889		
1524	5	9	58	朱凤烟丹	19889		
1525	5	9	59	摇红・左	19890		
1526	5	9	60	摇红・右	19890		
1527	5	9	61	烛影摇红	19890		
1528	5	9	62	龙霆・左	19899		
1529	5	9	63	龙霆・右	19899		
1530	5	9	64	离火・左	19901		
1531	5	9	65	离火・右	19901		
1532	5	9	66	离火・双	19901		
1533	5	9	67	金云・左	19903		
1534	5	9	68	金云・右	19903		
1535	5	9	69	金云・双	19903		
1536	5	10	0	默认	19790		
1537	5	10	1	烬	20490		
1538	5	10	2	汐	20491		
1539	5	10	3	绛	20492		
1540	5	10	4	月	20493		
1541	5	10	5	卿	20494		
1542	5	10	6	鲤	20495		
1543	5	10	7	彤	20496		
1544	5	10	8	鸢	20497		
1545	5	10	9	绊	20498		
1546	5	10	10	深	20499		
1547	5	10	11	榭	20500		
1548	5	10	12	桃	20501		
1549	5	10	13	盈	20502		
1550	5	10	14	焰	20503		
1551	5	10	15	鞠	20504		
1552	5	10	16	蝽	20505		
1553	5	10	17	秣	20506		
1554	5	10	18	淮	20507		
1555	5	10	19	绮	20508		
1556	5	10	20	念	20509		
1557	5	11	0	默认	19790		
1558	5	11	1	莹砂	19934		
1559	5	11	2	莹砂・半	19935		
1560	5	11	3	凝心	19936		
1561	5	11	4	凝心・半	19937		
1562	5	11	5	烁晶	19938		
1563	5	11	6	烁晶・半	19939		
1564	5	11	7	落雪	19940		
1565	5	11	8	落雪・半	19941		
1566	5	11	9	星芒	19942		
1567	5	11	10	星芒・半	19943		
1568	5	11	11	月辰	19944		
1569	5	11	12	月辰・半	19945		
1570	5	11	13	惜春	19946		
1571	5	11	14	惜春・半	19947		
1572	5	12	0	默认	19790		
1573	5	12	1	彷	20542		
1574	5	12	2	景	20543		
1575	5	12	3	幻	20544		
1576	5	12	4	朱	20545		
1577	5	12	5	赐	20546		
1578	5	12	6	霖	20547		
1579	5	12	7	玄	20548		
1580	5	12	8	绔	20549		
1581	5	12	9	晓	20550		
1582	5	12	10	砂	20551		
1583	5	12	11	虞	20552		
1584	5	12	12	心	20553		
1585	5	12	13	飒	20554		
1586	5	12	14	缤	20555		
1587	5	12	15	闻	20556		
1588	5	12	16	惑	20557		
1589	5	12	17	丝	20558		
1590	5	12	18	嶂	20559		
1591	5	12	19	魍	20560		
1592	5	12	20	寐	20561		
1593	5	13	0	默认	19790		
1594	5	13	1	皓	20528		
1595	5	13	2	昼	20529		
1596	5	13	3	晗	20530		
1597	5	13	4	曦	20531		
1598	5	13	5	曜	20532		
1599	5	13	6	旭	20533		
1600	5	13	7	晟	20534		
1601	5	13	8	辉	20535		
1602	5	13	9	煜	20536		
1603	5	13	10	炫	20537		
1604	1	13	11	娑	20538		
1605	1	13	12	皎	20539		
1606	1	13	13	白	20540		
1607	1	13	14	熠	20541		
1608	5	14	1	默认	20580	197;114;109;255	
1609	5	14	2	泛舟	20580	197;114;109;255	
1610	5	14	3	情笺	20581	197;114;109;255	
1611	5	14	4	青梅	20582	197;114;109;255	
1612	5	14	5	行露	20583	197;114;109;255	
1613	5	14	6	霞晚	20584	197;114;109;255	
1614	5	14	7	尘尽	20585	197;114;109;255	
1615	5	14	8	多愁	20586	197;114;109;255	
1616	5	14	9	婆娑	20587	197;114;109;255	
1617	5	14	10	疏狂	20588	197;114;109;255	
1618	5	14	11	紫烟	20589	197;114;109;255	
1619	5	14	12	萤火	20590	197;114;109;255	
1620	5	14	13	燕归	20591	197;114;109;255	
1621	5	14	14	别情	20592	197;114;109;255	
1622	5	14	15	幽阑	20593	197;114;109;255	
1623	5	14	16	怀远	20594	197;114;109;255	
1624	5	14	17	煮茗	20595	197;114;109;255	
1625	5	14	18	殊途	20596	197;114;109;255	
1626	5	15	0	默认	21337		
1627	5	15	1	清秋・底	20671		
1628	5	15	2	珠玉・底	20672		
1629	5	15	3	暗香・底	20673		
1630	5	15	4	脂扣・底	20674		
1631	5	15	5	寄情・底	20675		
1632	5	15	6	嫣染・底	20676		
1633	5	15	7	子衿・底	20677		
1634	5	15	8	鹿鸣・底	20678		
1635	5	15	9	潋滟・底	20679		
1636	5	15	10	韶光・底	20680		
1637	5	16	0	默认	21337		
1638	5	16	1	清秋・叠	20697		
1639	5	16	2	珠玉・叠	20698		
1640	5	16	3	暗香・叠	20699		
1641	5	16	4	脂扣・叠	20700		
1642	5	16	5	寄情・叠	20701		
1643	5	16	6	嫣染・叠	20702		
1644	5	16	7	子衿・叠	20703		
1645	5	16	8	鹿鸣・叠	20704		
1646	5	16	9	潋滟・叠	20705		
1647	5	16	10	韶光・叠	20706		
1648	5	17	0	默认	21337		
1649	5	17	1	清秋・晕	20723		
1650	5	17	2	珠玉・晕	20724		
1651	5	17	3	暗香・晕	20725		
1652	5	17	4	脂扣・晕	20726		
1653	5	17	5	寄情・晕	20727		
1654	5	17	6	嫣染・晕	20728		
1655	5	17	7	子衿・晕	20729		
1656	5	17	8	鹿鸣・晕	20730		
1657	5	17	9	潋滟・晕	20731		
1658	5	17	10	韶光・晕	20732		
1659	5	18	0	默认	21337		
1660	5	18	1	鹊桥	20749		
1661	5	18	2	重楼	20750		
1662	5	18	3	飞流	20751		
1663	5	18	4	涟光	20752		
1664	5	18	5	不移	20753		
1665	5	18	6	云州	20754		
1666	5	18	7	小憩	20755		
1667	5	18	8	回首	20756		
1668	5	18	9	清风	20757		
1669	5	18	10	惊鸿	20758		
1670	5	19	0	默认	19790		
1671	5	19	1	六围	19948		
1672	5	19	2	情缠	19949		
1673	5	19	3	覆雪	19950		
1674	5	19	4	星罗	19951		
1675	5	19	5	夜辰	19952		
1676	5	19	6	碎叶	19953		
1677	5	19	7	蝶变	19954		
1678	5	20	0	默认	19790		
1679	5	20	1	六围	19948		
1680	5	20	2	情缠	19949		
1681	5	20	3	覆雪	19950		
1682	5	20	4	星罗	19951		
1683	5	20	5	夜辰	19952		
1684	5	20	6	碎叶	19953		
1685	5	20	7	蝶变	19954		
1686	5	21	0	默认	19790		
1687	5	21	1	六围	19948		
1688	5	21	2	情缠	19949		
1689	5	21	3	覆雪	19950		
1690	5	21	4	星罗	19951		
1691	5	21	5	夜辰	19952		
1692	5	21	6	碎叶	19953		
1693	5	21	7	蝶变	19954		
1694	5	22	0	默认	19790		
1695	5	22	1	六围	19948		
1696	5	22	2	情缠	19949		
1697	5	22	3	覆雪	19950		
1698	5	22	4	星罗	19951		
1699	5	22	5	夜辰	19952		
1700	5	22	6	碎叶	19953		
1701	5	22	7	蝶变	19954		
1702	5	23	0	默认	19793		
1703	5	23	1	玉门・短	19793		
1704	5	23	2	玉门・长	19792		
1705	5	23	3	丛云・短	19795		
1706	5	23	4	丛云・长	19794		
1707	5	23	5	暗雪・短	19797		
1708	5	23	6	暗雪・长	19796		
1709	5	23	7	缥缈・短	19799		
1710	5	23	8	缥缈・长	19798		
1711	5	23	9	山色・短	19801		
1712	5	23	10	山色・长	19800		
1713	5	23	11	秋池・短	19803		
1714	5	23	12	秋池・长	19802		
1715	5	24	0	默认	20003		
1716	5	24	1	镜	20003		
1717	5	24	2	影	20004		
1718	5	24	3	夕	20005		
1719	5	24	4	溟	20006		
1720	5	24	5	暮	20007		
1721	5	24	6	霭	20008		
1722	5	24	7	白	20009		
1723	5	24	8		20010		
1724	5	24	9	灵	20011		
1725	5	25	0	默认	20003		
1726	5	25	1	镜	20003		
1727	5	25	2	影	20004		
1728	5	25	3	夕	20005		
1729	5	25	4	溟	20006		
1730	5	25	5	暮	20007		
1731	5	25	6	霭	20008		
1732	5	25	7	白	20009		
1733	5	25	8		20010		
1734	5	25	9	灵	20011		
1735	5	26	0	默认	20947		
1736	5	26	1	云霞	19992	220;181;164;255	
1737	5	26	2	云庭	19993	220;181;164;255	
1738	5	26	3	云簇	19994	220;181;164;255	
1739	5	26	4	云涟	19995	220;181;164;255	
1740	5	26	5	云轻	19996	220;181;164;255	
1741	5	26	6	云舫	19997	220;181;164;255	
1742	5	26	7	云舒	19998	220;181;164;255	
1743	5	26	8	云景	19999	220;181;164;255	
1744	5	27	0	云颊	21036		
1745	5	27	1	关雎	21037		
1746	5	27	2	采萍	21038		
1747	5	27	3	桃夭	21039		
1748	5	27	4	式微	21040		
1749	5	27	5	桑中	21041		
1750	5	27	6	有狐	21042		
1751	5	27	7	晨风	21043		
1752	5	27	8	蒹葭	21044		
1753	5	27	9	小山	21045		
1754	5	27	10	玉藻	21046		
1755	5	27	11	白华	21047		
1756	5	27	12	简夕	21048		
1757	5	27	13	伐檀	21049		
1758	5	27	14	无衣	21050		
1759	5	27	15	杜若	21051		
1760	5	27	16	芳草	21052		
1761	5	28	1	默认	20776	255;255;255;255	
1762	5	28	2	停云	20776		
1763	5	28	3	流风	20777		
1764	5	28	4	小楼	20778		
1765	5	28	5	暮霭	20779		
1766	5	28	6	清欢	20780		
1767	5	28	7	迷途	20781		
1768	5	28	8	叠峦	20782		
1769	5	28	9	曲径	20783		
1770	5	28	10	流年	20784		
1771	5	28	11	对影	20785		
1772	5	28	12	风月	20786		
1773	5	28	13	孤云	20787		
1774	5	28	14	濯止	20788		
1775	5	28	15	霁清	20789		
1776	5	28	16	薄雾	20790		
1777	5	28	17	落渊	20791		
1778	5	28	18	出尘	20792		
1779	5	28	19	秭归	20793		
1780	5	28	20	淡墨	20794		
1781	6	0	1	默认	20953	216;188;179;255	
1782	6	0	2	月华	20954	216;188;179;255	
1783	6	0	3	凝脂	20955	216;188;179;255	
1784	6	0	4	芙蓉	20956	216;188;179;255	
1785	6	0	5	琉璃	20957	216;188;179;255	
1786	6	1	1	默认	19673	134;116;109;255	
1787	6	1	2	静秋	19673	134;116;109;255	
1788	6	1	3	云雁	19674	67;43;53;255	
1789	6	1	4	暮鸦	19675	174;163;166;255	
1790	6	1	5	清辉	19676	178;184;178;255	
1791	6	1	6	金瑶	19677	90;39;17;255	
1792	6	1	7	霜枝	19678	161;162;160;255	
1793	6	1	8	琴音	19679	150;108;70;255	
1794	6	1	9	松影	19680	161;162;160;255	
1795	6	1	10	梦幽	19681	155;148;151;255	
1796	6	1	11	清波	19682	112;110;106;255	
1797	6	1	12	天翠	19683	112;110;106;255	
1798	6	1	13	水月	19684	112;110;106;255	
1799	6	1	14	雁影	19685	95;87;83;255	
1800	6	1	15	琥珀	19686	150;108;70;255	
1801	6	1	16	猫瞳	19687	150;108;70;255	
1802	6	1	17	瑶池	19688	23;134;159;255	
1803	6	1	18	晚光	19689	148;71;87;255	
1804	6	1	19	花影	19690	173;116;173;255	
1805	6	1	20	云舟	19691	166;161;144;255	
1806	6	1	21	星璧	19692	46;156;156;255	
1807	6	1	22	静泊	19693	101;173;178;255	
1808	6	1	23	风吟	19694	94;115;81;255	
1809	6	1	24	碧波	19695	77;134;124;255	
1810	6	1	25	霞光	19696	67;12;41;255	
1811	6	1	26	心语	19697	139;108;141;255	
1812	6	2	1	默认	19673	134;116;109;255	
1813	6	2	2	静秋	19673	134;116;109;255	
1814	6	2	3	云雁	19674	67;43;53;255	
1815	6	2	4	暮鸦	19675	174;163;166;255	
1816	6	2	5	清辉	19676	178;184;178;255	
1817	6	2	6	金瑶	19677	90;39;17;255	
1818	6	2	7	霜枝	19678	161;162;160;255	
1819	6	2	8	琴音	19679	150;108;70;255	
1820	6	2	9	松影	19680	161;162;160;255	
1821	6	2	10	梦幽	19681	155;148;151;255	
1822	6	2	11	清波	19682	112;110;106;255	
1823	6	2	12	天翠	19683	112;110;106;255	
1824	6	2	13	水月	19684	112;110;106;255	
1825	6	2	14	雁影	19685	95;87;83;255	
1826	6	2	15	琥珀	19686	150;108;70;255	
1827	6	2	16	猫瞳	19687	150;108;70;255	
1828	6	2	17	瑶池	19688	23;134;159;255	
1829	6	2	18	晚光	19689	148;71;87;255	
1830	6	2	19	花影	19690	173;116;173;255	
1831	6	2	20	云舟	19691	166;161;144;255	
1832	6	2	21	星璧	19692	46;156;156;255	
1833	6	2	22	静泊	19693	101;173;178;255	
1834	6	2	23	风吟	19694	94;115;81;255	
1835	6	2	24	碧波	19695	77;134;124;255	
1836	6	2	25	霞光	19696	67;12;41;255	
1837	6	2	26	心语	19697	139;108;141;255	
1838	6	3	1	默认	19704	140;100;88;255	
1839	6	3	2	见青山	19704	140;100;88;255	
1840	6	3	3	断桥远	19705	140;100;88;255	
1841	6	3	4	小怜云	19706	140;100;88;255	
1842	6	3	5	展锋芒	19707	140;100;88;255	
1843	6	3	6	卷云台	19708	140;100;88;255	
1844	6	3	7	枉凝眉	19709	140;100;88;255	
1845	6	3	8	远山黛	19710	140;100;88;255	
1846	6	3	9	点芙蓉	19711	140;100;88;255	
1847	6	3	10	冲云亭	19712	140;100;88;255	
1848	6	3	11	螓蛾首	19713	140;100;88;255	
1849	6	3	12	露华浓	19714	140;100;88;255	
1850	6	3	13	鹤衔梅	19715	140;100;88;255	
1851	6	3	14	玉钗横	19716	140;100;88;255	
1852	6	3	15	独怅惘	19717	140;100;88;255	
1853	6	3	16	玉箫吟	19718	140;100;88;255	
1854	6	3	17	半梦娇	19719	140;100;88;255	
1855	6	3	18	春庭雪	19720	140;100;88;255	
1856	6	3	19	飒沓歌	19721	140;100;88;255	
1857	6	3	20	过重关	19722	140;100;88;255	
1858	6	3	21	念离愁	19723	140;100;88;255	
1859	6	3	22	浮光远	19724	140;100;88;255	
1860	6	3	23	意迟迟	19725	140;100;88;255	
1861	6	3	24	留春令	19726	140;100;88;255	
1862	6	3	25	梦秦娥	19727	140;100;88;255	
1863	6	3	26	柳梢头	19728	140;100;88;255	
1864	6	3	27	秋意浓	19729	140;100;88;255	
1865	6	3	28	怒黄郎	19730	140;100;88;255	
1866	6	3	29	思情鸢	19731	140;100;88;255	
1867	6	3	30	玉阑干	19732	140;100;88;255	
1868	6	3	31	一剪梅	19733	140;100;88;255	
1869	6	3	32	解语花	19734	140;100;88;255	
1870	6	3	33	清平调	19735	140;100;88;255	
1871	6	3	34	颜如玉	19736	140;100;88;255	
1872	6	3	35	画楼东	19737	140;100;88;255	
1873	6	3	36	云山绕	19738	140;100;88;255	
1874	6	3	37	钗头凤	19739	140;100;88;255	
1875	6	3	38	雾中寻	19740	140;100;88;255	
1876	6	3	39	迷仙引	19741	140;100;88;255	
1877	6	3	40	竹马来	19742	140;100;88;255	
1878	6	4	0	默认	19790		
1879	6	4	1	红笺	19975	230;157;152;255	
1880	6	4	2	红霞	19976	230;157;152;255	
1881	6	4	3	红炉	19977	230;157;152;255	
1882	6	4	4	红豆	19978	230;157;152;255	
1883	6	4	5	红枫	19979	230;157;152;255	
1884	6	4	6	红粟	19980	230;157;152;255	
1885	6	4	7	红荔	19981	230;157;152;255	
1886	6	4	8	红尘	19982	230;157;152;255	
1887	6	4	9	红怜	19983	230;157;152;255	
1888	6	4	10	红云	19984	230;157;152;255	
1889	6	4	11	红D	19985	230;157;152;255	
1890	6	4	12	红苕	19986	230;157;152;255	
1891	6	4	13	红酥	19987	230;157;152;255	
1892	6	4	14	红萤	19988	230;157;152;255	
1893	6	4	15	红烛	19989	230;157;152;255	
1894	6	4	16	红蓼	19990	230;157;152;255	
1895	6	4	17	红萼	19991	230;157;152;255	
1896	6	5	0	默认	19790		
1897	6	6	0	默认	20958		
1898	6	6	1	清铃・上	19955		
1899	6	6	2	清铃・下	19956		
1900	6	6	3	点眸・上	19957		
1901	6	6	4	点眸・下	19958		
1902	6	6	5	秋水・上	19959		
1903	6	6	6	秋水・下	19960		
1904	6	6	7	横波・上	19961		
1905	6	6	8	横波・下	19962		
1906	6	6	9	春水・上	19963		
1907	6	6	10	春水・下	19964		
1908	6	6	11	凝睇・上	19965		
1909	6	6	12	凝睇・下	19966		
1910	6	6	13	点漆・上	19967		
1911	6	6	14	点漆・下	19968		
1912	6	6	15	星眸・上	19969		
1913	6	6	16	星眸・下	19970		
1914	6	6	17	浮萍・上	19971		
1915	6	6	18	浮萍・下	19972		
1916	6	6	19	星河・上	19973		
1917	6	6	20	星河・下	19974		
1918	6	6	21	无	19673		
1919	6	7	0	默认	19790		
1920	6	7	1	霜狸	19925		
1921	6	7	2	雪啸	19926		
1922	6	7	3	焰莲	19911		
1923	6	7	4	明昭	19912		
1924	6	7	5	翩跹	19913		
1925	6	7	6	嫣然	19892		
1926	6	7	7	华幽	19893		
1927	6	7	8	念念	19894		
1928	6	7	9	落滟	19895		
1929	6	7	10	翩芳	19896		
1930	6	7	11	潋岚	19897		
1931	6	7	12	雪意	19883		
1932	6	7	13	有狐	19881		
1933	6	7	14	斑斑	19882		
1934	6	7	15	连星	19887		
1935	6	7	16	菱花	19885		
1936	6	7	17	鳞蛟	19877		
1937	6	7	18	浴血	19862		
1938	6	7	19	纤云	19878		
1939	6	7	20	恋心	19876		
1940	6	7	21	樱D	19875		
1941	6	7	22	雀斑	19861		
1942	6	7	23	流金	19872		
1943	6	7	24	惊昙	19873		
1944	6	7	25	泪痣	19874		
1945	6	7	26	魅星	19867		
1946	6	7	27	妖星	19868		
1947	6	7	28	逢虎	19869		
1948	6	7	29	魂迷夜	19871		
1949	6	7	30	曼殊沙华	19863		
1950	6	7	31	夕燕	19864		
1951	6	7	32	灿金	19865		
1952	6	7	33	灵祈	19879		
1953	6	7	34	崩天	19914		
1954	6	7	35	狸瘴	19915		
1955	6	7	36	珠玉	19916		
1956	6	7	37	星月	19919		
1957	6	7	38	烁金	19920		
1958	6	7	39	金箍	19923		
1959	6	7	40	情劫	19900		
1960	6	7	41	冲冠	19902		
1961	6	7	42	银鳞见日	19904		
1962	6	7	43	菩萨蛮	19907		
1963	6	7	44	芳菲尽	19898		
1964	6	7	45	香如故・左	19896		
1965	6	7	46	香如故・右	19896		
1966	6	7	47	银杏・左	19884		
1967	6	7	48	银杏・右	19884		
1968	6	7	49	翠叶・左	19886		
1969	6	7	50	翠叶・右	19886		
1970	6	7	51	攀眉・左	19888		
1971	6	7	52	攀眉・右	19888		
1972	6	7	53	汐朝・左	19891		
1973	6	7	54	汐朝・右	19891		
1974	6	7	55	回浪汐朝	19891		
1975	6	7	56	烟丹・左	19889		
1976	6	7	57	烟丹・右	19889		
1977	6	7	58	朱凤烟丹	19889		
1978	6	7	59	摇红・左	19890		
1979	6	7	60	摇红・右	19890		
1980	6	7	61	烛影摇红	19890		
1981	6	7	62	龙霆・左	19899		
1982	6	7	63	龙霆・右	19899		
1983	6	7	64	离火・左	19901		
1984	6	7	65	离火・右	19901		
1985	6	7	66	离火・双	19901		
1986	6	7	67	金云・左	19903		
1987	6	7	68	金云・右	19903		
1988	6	7	69	金云・双	19903		
1989	6	8	0	默认	19790		
1990	6	8	1	霜狸	19925		
1991	6	8	2	雪啸	19926		
1992	6	8	3	焰莲	19911		
1993	6	8	4	明昭	19912		
1994	6	8	5	翩跹	19913		
1995	6	8	6	嫣然	19892		
1996	6	8	7	华幽	19893		
1997	6	8	8	念念	19894		
1998	6	8	9	落滟	19895		
1999	6	8	10	翩芳	19896		
2000	6	8	11	潋岚	19897		
2001	6	8	12	雪意	19883		
2002	6	8	13	有狐	19881		
2003	6	8	14	斑斑	19882		
2004	6	8	15	连星	19887		
2005	6	8	16	菱花	19885		
2006	6	8	17	鳞蛟	19877		
2007	6	8	18	浴血	19862		
2008	6	8	19	纤云	19878		
2009	6	8	20	恋心	19876		
2010	6	8	21	樱D	19875		
2011	6	8	22	雀斑	19861		
2012	6	8	23	流金	19872		
2013	6	8	24	惊昙	19873		
2014	6	8	25	泪痣	19874		
2015	6	8	26	魅星	19867		
2016	6	8	27	妖星	19868		
2017	6	8	28	逢虎	19869		
2018	6	8	29	魂迷夜	19871		
2019	6	8	30	曼殊沙华	19863		
2020	6	8	31	夕燕	19864		
2021	6	8	32	灿金	19865		
2022	6	8	33	灵祈	19879		
2023	6	8	34	崩天	19914		
2024	6	8	35	狸瘴	19915		
2025	6	8	36	珠玉	19916		
2026	6	8	37	星月	19919		
2027	6	8	38	烁金	19920		
2028	6	8	39	金箍	19923		
2029	6	8	40	情劫	19900		
2030	6	8	41	冲冠	19902		
2031	6	8	42	银鳞见日	19904		
2032	6	8	43	菩萨蛮	19907		
2033	6	8	44	芳菲尽	19898		
2034	6	8	45	香如故・左	19896		
2035	6	8	46	香如故・右	19896		
2036	6	8	47	银杏・左	19884		
2037	6	8	48	银杏・右	19884		
2038	6	8	49	翠叶・左	19886		
2039	6	8	50	翠叶・右	19886		
2040	6	8	51	攀眉・左	19888		
2041	6	8	52	攀眉・右	19888		
2042	6	8	53	汐朝・左	19891		
2043	6	8	54	汐朝・右	19891		
2044	6	8	55	回浪汐朝	19891		
2045	6	8	56	烟丹・左	19889		
2046	6	8	57	烟丹・右	19889		
2047	6	8	58	朱凤烟丹	19889		
2048	6	8	59	摇红・左	19890		
2049	6	8	60	摇红・右	19890		
2050	6	8	61	烛影摇红	19890		
2051	6	8	62	龙霆・左	19899		
2052	6	8	63	龙霆・右	19899		
2053	6	8	64	离火・左	19901		
2054	6	8	65	离火・右	19901		
2055	6	8	66	离火・双	19901		
2056	6	8	67	金云・左	19903		
2057	6	8	68	金云・右	19903		
2058	6	8	69	金云・双	19903		
2059	6	9	0	默认	19790		
2060	6	9	1	霜狸	19925		
2061	6	9	2	雪啸	19926		
2062	6	9	3	焰莲	19911		
2063	6	9	4	明昭	19912		
2064	6	9	5	翩跹	19913		
2065	6	9	6	嫣然	19892		
2066	6	9	7	华幽	19893		
2067	6	9	8	念念	19894		
2068	6	9	9	落滟	19895		
2069	6	9	10	翩芳	19896		
2070	6	9	11	潋岚	19897		
2071	6	9	12	雪意	19883		
2072	6	9	13	有狐	19881		
2073	6	9	14	斑斑	19882		
2074	6	9	15	连星	19887		
2075	6	9	16	菱花	19885		
2076	6	9	17	鳞蛟	19877		
2077	6	9	18	浴血	19862		
2078	6	9	19	纤云	19878		
2079	6	9	20	恋心	19876		
2080	6	9	21	樱D	19875		
2081	6	9	22	雀斑	19861		
2082	6	9	23	流金	19872		
2083	6	9	24	惊昙	19873		
2084	6	9	25	泪痣	19874		
2085	6	9	26	魅星	19867		
2086	6	9	27	妖星	19868		
2087	6	9	28	逢虎	19869		
2088	6	9	29	魂迷夜	19871		
2089	6	9	30	曼殊沙华	19863		
2090	6	9	31	夕燕	19864		
2091	6	9	32	灿金	19865		
2092	6	9	33	灵祈	19879		
2093	6	9	34	崩天	19914		
2094	6	9	35	狸瘴	19915		
2095	6	9	36	珠玉	19916		
2096	6	9	37	星月	19919		
2097	6	9	38	烁金	19920		
2098	6	9	39	金箍	19923		
2099	6	9	40	情劫	19900		
2100	6	9	41	冲冠	19902		
2101	6	9	42	银鳞见日	19904		
2102	6	9	43	菩萨蛮	19907		
2103	6	9	44	芳菲尽	19898		
2104	6	9	45	香如故・左	19896		
2105	6	9	46	香如故・右	19896		
2106	6	9	47	银杏・左	19884		
2107	6	9	48	银杏・右	19884		
2108	6	9	49	翠叶・左	19886		
2109	6	9	50	翠叶・右	19886		
2110	6	9	51	攀眉・左	19888		
2111	6	9	52	攀眉・右	19888		
2112	6	9	53	汐朝・左	19891		
2113	6	9	54	汐朝・右	19891		
2114	6	9	55	回浪汐朝	19891		
2115	6	9	56	烟丹・左	19889		
2116	6	9	57	烟丹・右	19889		
2117	6	9	58	朱凤烟丹	19889		
2118	6	9	59	摇红・左	19890		
2119	6	9	60	摇红・右	19890		
2120	6	9	61	烛影摇红	19890		
2121	6	9	62	龙霆・左	19899		
2122	6	9	63	龙霆・右	19899		
2123	6	9	64	离火・左	19901		
2124	6	9	65	离火・右	19901		
2125	6	9	66	离火・双	19901		
2126	6	9	67	金云・左	19903		
2127	6	9	68	金云・右	19903		
2128	6	9	69	金云・双	19903		
2129	6	10	0	默认	19790		
2130	6	10	1	烬	20452		
2131	6	10	2	汐	20453		
2132	6	10	3	绛	20454		
2133	6	10	4	月	20455		
2134	6	10	5	卿	20456		
2135	6	10	6	鲤	20457		
2136	6	10	7	彤	20458		
2137	6	10	8	鸢	20459		
2138	6	10	9	绊	20460		
2139	6	10	10	深	20461		
2140	6	10	11	榭	20462		
2141	6	10	12	桃	20463		
2142	6	10	13	盈	20464		
2143	6	10	14	焰	20465		
2144	6	10	15	鞠	20466		
2145	6	10	16	蝽	20467		
2146	6	10	17	秣	20468		
2147	6	10	18	淮	20469		
2148	6	10	19	绮	20470		
2149	6	10	20	念	20471		
2150	6	11	0	默认	19790		
2151	6	11	1	莹砂	19934		
2152	6	11	2	莹砂・半	19935		
2153	6	11	3	凝心	19936		
2154	6	11	4	凝心・半	19937		
2155	6	11	5	烁晶	19938		
2156	6	11	6	烁晶・半	19939		
2157	6	11	7	落雪	19940		
2158	6	11	8	落雪・半	19941		
2159	6	11	9	星芒	19942		
2160	6	11	10	星芒・半	19943		
2161	6	11	11	月辰	19944		
2162	6	11	12	月辰・半	19945		
2163	6	11	13	惜春	19946		
2164	6	11	14	惜春・半	19947		
2165	6	12	0	默认	19790		
2166	6	12	1	彷	20375		
2167	6	12	2	景	20376		
2168	6	12	3	幻	20377		
2169	6	12	4	朱	20378		
2170	6	12	5	赐	20379		
2171	6	12	6	霖	20380		
2172	6	12	7	玄	20381		
2173	6	12	8	绔	20382		
2174	6	12	9	晓	20383		
2175	6	12	10	砂	20384		
2176	6	12	11	虞	20385		
2177	6	12	12	心	20386		
2178	6	12	13	飒	20387		
2179	6	12	14	缤	20388		
2180	6	12	15	闻	20389		
2181	6	12	16	惑	20390		
2182	6	12	17	丝	20391		
2183	6	12	18	嶂	20392		
2184	6	12	19	魍	20393		
2185	6	12	20	寐	20394		
2186	6	13	0	默认	19790		
2187	6	13	1	皓	19814		
2188	6	13	2	昼	19815		
2189	6	13	3	晗	19816		
2190	6	13	4	曦	19817		
2191	6	13	5	曜	19818		
2192	6	13	6	旭	19819		
2193	6	13	7	晟	19820		
2194	6	13	8	辉	19821		
2195	6	13	9	煜	19822		
2196	6	13	10	炫	19823		
2197	6	13	11	娑	19824		
2198	6	13	12	皎	19825		
2199	6	13	13	白	19826		
2200	6	13	14	熠	19827		
2201	6	14	1	默认	19776	197;114;109;255	
2202	6	14	2	泛舟	19776	197;114;109;255	
2203	6	14	3	情笺	19777	197;114;109;255	
2204	6	14	4	青梅	19778	197;114;109;255	
2205	6	14	5	行露	19779	197;114;109;255	
2206	6	14	6	霞晚	19780	197;114;109;255	
2207	6	14	7	尘尽	19781	197;114;109;255	
2208	6	14	8	多愁	19782	197;114;109;255	
2209	6	14	9	婆娑	19783	197;114;109;255	
2210	6	14	10	疏狂	19784	197;114;109;255	
2211	6	14	11	紫烟	19785	197;114;109;255	
2212	6	14	12	萤火	19786	197;114;109;255	
2213	6	14	13	燕归	19787	197;114;109;255	
2214	6	14	14	别情	19788	197;114;109;255	
2215	6	14	15	幽阑	19789	197;114;109;255	
2216	6	15	0	默认	21337		
2217	6	15	1	清秋・底	20671		
2218	6	15	2	珠玉・底	20672		
2219	6	15	3	暗香・底	20673		
2220	6	15	4	脂扣・底	20674		
2221	6	15	5	寄情・底	20675		
2222	6	15	6	嫣染・底	20676		
2223	6	15	7	子衿・底	20677		
2224	6	15	8	鹿鸣・底	20678		
2225	6	15	9	潋滟・底	20679		
2226	6	15	10	韶光・底	20680		
2227	6	16	0	默认	21337		
2228	6	16	1	清秋・叠	20697		
2229	6	16	2	珠玉・叠	20698		
2230	6	16	3	暗香・叠	20699		
2231	6	16	4	脂扣・叠	20700		
2232	6	16	5	寄情・叠	20701		
2233	6	16	6	嫣染・叠	20702		
2234	6	16	7	子衿・叠	20703		
2235	6	16	8	鹿鸣・叠	20704		
2236	6	16	9	潋滟・叠	20705		
2237	6	16	10	韶光・叠	20706		
2238	6	17	0	默认	21337		
2239	6	17	1	清秋・晕	20723		
2240	6	17	2	珠玉・晕	20724		
2241	6	17	3	暗香・晕	20725		
2242	6	17	4	脂扣・晕	20726		
2243	6	17	5	寄情・晕	20727		
2244	6	17	6	嫣染・晕	20728		
2245	6	17	7	子衿・晕	20729		
2246	6	17	8	鹿鸣・晕	20730		
2247	6	17	9	潋滟・晕	20731		
2248	6	17	10	韶光・晕	20732		
2249	6	18	0	默认	21337		
2250	6	18	1	鹊桥	20749		
2251	6	18	2	重楼	20750		
2252	6	18	3	飞流	20751		
2253	6	18	4	涟光	20752		
2254	6	18	5	不移	20753		
2255	6	18	6	云州	20754		
2256	6	18	7	小憩	20755		
2257	6	18	8	回首	20756		
2258	6	18	9	清风	20757		
2259	6	18	10	惊鸿	20758		
2260	6	19	0	默认	19790		
2261	6	19	1	六围	19948		
2262	6	19	2	情缠	19949		
2263	6	19	3	覆雪	19950		
2264	6	19	4	星罗	19951		
2265	6	19	5	夜辰	19952		
2266	6	19	6	碎叶	19953		
2267	6	19	7	蝶变	19954		
2268	6	20	0	默认	19790		
2269	6	20	1	六围	19948		
2270	6	20	2	情缠	19949		
2271	6	20	3	覆雪	19950		
2272	6	20	4	星罗	19951		
2273	6	20	5	夜辰	19952		
2274	6	20	6	碎叶	19953		
2275	6	20	7	蝶变	19954		
2276	6	21	0	默认	19790		
2277	6	21	1	六围	19948		
2278	6	21	2	情缠	19949		
2279	6	21	3	覆雪	19950		
2280	6	21	4	星罗	19951		
2281	6	21	5	夜辰	19952		
2282	6	21	6	碎叶	19953		
2283	6	21	7	蝶变	19954		
2284	6	22	0	默认	19790		
2285	6	22	1	六围	19948		
2286	6	22	2	情缠	19949		
2287	6	22	3	覆雪	19950		
2288	6	22	4	星罗	19951		
2289	6	22	5	夜辰	19952		
2290	6	22	6	碎叶	19953		
2291	6	22	7	蝶变	19954		
2292	6	23	0	默认	19792		
2293	6	23	1	玉门・长	19792		
2294	6	23	2	玉门・短	19793		
2295	6	23	3	丛云・长	19794		
2296	6	23	4	丛云・短	19795		
2297	6	23	5	暗雪・长	19796		
2298	6	23	6	暗雪・短	19797		
2299	6	23	7	缥缈・长	19798		
2300	6	23	8	缥缈・短	19799		
2301	6	23	9	山色・长	19800		
2302	6	23	10	山色・短	19801		
2303	6	23	11	秋池・长	19802		
2304	6	23	12	秋池・短	19803		
2305	6	24	0	默认	20003		
2306	6	24	1	镜	20003		
2307	6	24	2	影	20004		
2308	6	24	3	夕	20005		
2309	6	24	4	溟	20006		
2310	6	24	5	暮	20007		
2311	6	24	6	霭	20008		
2312	6	24	7	白	20009		
2313	6	24	8		20010		
2314	6	24	9	灵	20011		
2315	6	25	0	默认	20003		
2316	6	25	1	镜	20003		
2317	6	25	2	影	20004		
2318	6	25	3	夕	20005		
2319	6	25	4	溟	20006		
2320	6	25	5	暮	20007		
2321	6	25	6	霭	20008		
2322	6	25	7	白	20009		
2323	6	25	8		20010		
2324	6	25	9	灵	20011		
2325	6	26	0	默认	20947		
2326	6	26	1	云霞	19992	220;181;164;255	
2327	6	26	2	云庭	19993	220;181;164;255	
2328	6	26	3	云簇	19994	220;181;164;255	
2329	6	26	4	云涟	19995	220;181;164;255	
2330	6	26	5	云轻	19996	220;181;164;255	
2331	6	26	6	云舫	19997	220;181;164;255	
2332	6	26	7	云舒	19998	220;181;164;255	
2333	6	26	8	云景	19999	220;181;164;255	
2334	6	27	0	云颊	21060		
2335	6	27	1	关雎	21061		
2336	6	27	2	采萍	21062		
2337	6	27	3	桃夭	21063		
2338	6	27	4	式微	21064		
2339	6	27	5	桑中	21065		
2340	6	27	6	有狐	21066		
2341	6	27	7	晨风	21067		
2342	6	27	8	蒹葭	21068		
2343	6	27	9	小山	21069		
2344	6	27	10	玉藻	21070		
2345	6	27	11	白华	21071		
2346	6	27	12	简夕	21072		
2347	6	27	13	伐檀	21073		
2348	6	27	14	无衣	21074		
2349	6	27	15	杜若	21075		
2350	6	27	16	芳草	21076		
2351	6	28	1	默认	20795	255;255;255;255	
2352	6	28	2	停云	20795		
2353	6	28	3	流风	20796		
2354	6	28	4	小楼	20797		
2355	6	28	5	暮霭	20798		
2356	6	28	6	清欢	20799		
2357	6	28	7	迷途	20800		
2358	6	28	8	叠峦	20801		
2359	6	28	9	曲径	20802		
2360	6	28	10	流年	20803		
2361	6	28	11	对影	20804		
2362	6	28	12	风月	20805		
2363	6	28	13	孤云	20806		
2364	6	28	14	濯止	20807		
2365	6	28	15	霁清	20808		
2366	6	28	16	薄雾	20809		
2367	6	28	17	落渊	20810		
2368	6	28	18	出尘	20811		
2369	6	28	19	秭归	20812		
